,Dataset,Repeat,Fold,Target,Region,R,P-value,rs_par_loading,s_myelin_loading,s_gmv_loading,s_cs_loading,s_ct_loading
0,HCP-D,7,0,posaffect,0,0.25974156779220064,0.2555166505578616,[0.65515722],[-0.65823075],[-0.046244],[-0.45026089],[-0.04045327]
1,HCP-D,7,0,posaffect,1,-0.16210994803894638,0.48264327114091965,[0.3576806],[-0.48171459],[0.54678652],[0.14109786],[0.72649361]
2,HCP-D,7,0,posaffect,2,0.023464752179303487,0.9195837409537037,[0.48511523],[-0.47974758],[0.0719229],[0.50774617],[0.70463697]
3,HCP-D,7,0,posaffect,3,0.6301074213524058,0.002201912443410591,[0.41686431],[-0.34578332],[0.87574463],[0.32041419],[0.47669238]
4,HCP-D,7,0,posaffect,4,0.1669930950158629,0.46937034368141795,[-0.59380268],[-0.2511447],[-0.31117081],[0.00546747],[0.70336622]
5,HCP-D,7,0,posaffect,5,0.2728167369305747,0.23149663523392863,[-0.50818535],[-0.00366395],[-0.08702209],[0.75867159],[0.59342105]
6,HCP-D,7,0,posaffect,6,-0.2045857376596681,0.3736893226905031,[0.93542765],[0.24946058],[0.25662259],[0.09142444],[-0.05898147]
7,HCP-D,7,0,posaffect,7,0.2833104856029672,0.21332131366119167,[-0.49603713],[0.04395514],[0.90399209],[0.02661104],[-0.47150022]
8,HCP-D,7,0,posaffect,8,-0.017691715833053283,0.9393277636631773,[0.58654493],[0.39822391],[0.56737186],[0.54412429],[-0.16246484]
9,HCP-D,7,0,posaffect,9,-0.010304824890279049,0.9646397723775347,[0.81995844],[-0.04921257],[-0.1544704],[-0.60647793],[-0.0105444]
10,HCP-D,7,0,posaffect,10,-0.07915234246211024,0.7330684110920642,[0.53402995],[0.24727709],[0.77709506],[0.41501139],[-0.03735637]
11,HCP-D,7,0,posaffect,11,0.07779745651656833,0.7374811029818549,[0.80480508],[-0.57644777],[0.26129435],[-0.00767163],[0.14557448]
12,HCP-D,7,0,posaffect,12,0.00901379285085318,0.9690676657790019,[-0.08544771],[0.76457892],[0.66101571],[-0.32402742],[-0.22431571]
13,HCP-D,7,0,posaffect,13,0.27745317988991547,0.22334575032355006,[-0.64136074],[-0.39510842],[0.5445544],[-0.33118046],[0.4503291]
14,HCP-D,7,0,posaffect,14,-0.09472493414733062,0.6829621678455869,[-0.62515988],[0.76583003],[-9.16958416e-05],[0.02379741],[-0.16269729]
15,HCP-D,7,0,posaffect,15,0.15817889200114063,0.4934626678872894,[0.6819551],[-0.10854625],[0.58438292],[0.02136096],[-0.47808035]
16,HCP-D,7,0,posaffect,16,0.18341784889412557,0.426122405110334,[0.38204371],[0.0425241],[0.74792567],[-0.21492447],[0.55953844]
17,HCP-D,7,0,posaffect,17,0.14803709677946916,0.5219159475741262,[0.72869178],[0.0466863],[0.5151714],[0.55561031],[0.00310185]
18,HCP-D,7,0,posaffect,18,-0.3202765422002964,0.15694310976731188,[0.32084085],[-0.55301124],[0.9982154],[0.21583433],[-0.06935388]
19,HCP-D,7,0,posaffect,19,-0.0528004137733084,0.8201874921756112,[0.50423526],[-0.20120021],[-0.04485709],[0.46499323],[0.80727512]
20,HCP-D,7,0,posaffect,20,-0.28717570680294335,0.20687217054289475,[-0.15607611],[-0.63697375],[0.34030555],[0.23465122],[0.79784184]
21,HCP-D,7,0,posaffect,21,-0.4020915119596192,0.07077284281553103,[-0.525892],[0.59301492],[0.33446079],[0.6459395],[-0.0152745]
22,HCP-D,7,0,posaffect,22,-0.008674960022645214,0.9702299216917042,[-0.32389649],[0.23043039],[0.85535501],[-0.36506347],[-0.10741584]
23,HCP-D,7,0,posaffect,23,-0.1818864961620591,0.4300617455429954,[0.4643079],[0.45718488],[0.61342989],[0.08714309],[0.45949611]
24,HCP-D,7,0,posaffect,24,-0.406479277216939,0.06746870637106119,[0.20363987],[-0.68357599],[-0.09224648],[0.29374168],[0.68322989]
25,HCP-D,7,0,posaffect,25,-0.09033330802239756,0.696973642752462,[0.62176393],[-0.13665059],[-0.3345313],[-0.59394841],[-0.45506211]
26,HCP-D,7,0,posaffect,26,-0.3208666799654023,0.15613725537844578,[0.27987376],[-0.59169012],[-0.35420676],[-0.1029847],[0.66806996]
27,HCP-D,7,0,posaffect,27,-0.10712899049093749,0.6439380602890789,[0.79076102],[-0.5685802],[0.23265578],[0.09044391],[-0.06684716]
28,HCP-D,7,0,posaffect,28,0.06520826625876411,0.7788463719054022,[-0.34108588],[0.389046],[-0.22056849],[-0.48628199],[0.68749414]
29,HCP-D,7,0,posaffect,29,-0.35366803407496583,0.11576592867941322,[0.44019512],[0.2513315],[0.27317504],[0.32811592],[0.83084538]
30,HCP-D,7,0,posaffect,30,-0.018223704531967373,0.9375067349867131,[-0.53483054],[-0.4397581],[0.34318437],[0.76850827],[0.14700044]
31,HCP-D,7,0,posaffect,31,0.15590276155978283,0.499781264531184,[-0.22810467],[0.26403739],[0.50522796],[0.17264903],[0.82330548]
32,HCP-D,7,0,posaffect,32,-0.014742090512624519,0.949429553478988,[-0.55879572],[0.51570198],[0.75544329],[0.07617356],[0.00843585]
33,HCP-D,7,0,posaffect,33,0.039593519822034864,0.8646984623596391,[-0.4503709],[-0.33806282],[0.81522399],[0.23180633],[0.35631142]
34,HCP-D,7,0,posaffect,34,-0.6758575684433706,0.0007712770616286499,[-0.13149549],[-0.38608509],[0.78148175],[-0.37781083],[-0.35502965]
35,HCP-D,7,0,posaffect,35,0.239969677751217,0.2947534080088082,[0.52845649],[0.44975661],[0.61528631],[0.39319551],[0.34941645]
36,HCP-D,7,0,posaffect,36,0.37310249333290113,0.09574155275668556,[-0.51469099],[0.4992764],[0.4718381],[0.39105218],[0.39419262]
37,HCP-D,7,0,posaffect,37,-0.16092772795805907,0.4858845730338159,[-0.21933535],[0.37726304],[0.93346115],[0.25674524],[-0.39213923]
38,HCP-D,7,0,posaffect,38,0.27207097646461476,0.2328255532437067,[-0.46353444],[-0.17641807],[-0.54520461],[-0.174915],[0.70471085]
39,HCP-D,7,0,posaffect,39,-0.23074361667031668,0.3142632569297001,[0.35235505],[0.08034769],[0.72950014],[0.64495323],[0.09467404]
40,HCP-D,7,0,posaffect,40,0.2864339306435044,0.20809963010721066,[0.26882943],[-0.26898814],[0.49461262],[0.83674503],[-0.25884074]
41,HCP-D,7,0,posaffect,41,0.23699633750998023,0.3009576889637806,[0.08671735],[0.11285741],[-0.58190693],[0.02175339],[0.85114858]
42,HCP-D,7,0,posaffect,42,-0.05603338072115803,0.8093667815552275,[0.41052803],[0.12715561],[0.06141901],[-0.55848565],[0.72891112]
43,HCP-D,7,0,posaffect,43,0.47581654561620285,0.029239455395684687,[0.749453],[0.11604145],[0.52614817],[0.36186337],[0.35237223]
44,HCP-D,7,0,posaffect,44,-0.1538027787189883,0.5056456349865346,[-0.60819534],[0.33019596],[0.35221078],[-0.11994831],[0.72075919]
45,HCP-D,7,0,posaffect,45,-0.6509955942833259,0.0013928643486912583,[-0.20931424],[0.66041158],[0.38264012],[0.6759299],[-0.12509096]
46,HCP-D,7,0,posaffect,46,-0.27431372464840453,0.2288440159195798,[-0.06405679],[0.71558736],[0.21182055],[-0.59572102],[-0.49039332]
47,HCP-D,7,0,posaffect,47,0.005671735057330016,0.9805337882366909,[0.47913222],[0.50707433],[-0.43932859],[0.58425855],[-0.25123278]
48,HCP-D,7,0,posaffect,48,-0.23280721321139955,0.30983332136819197,[-0.6250432],[0.25263814],[-0.22485119],[0.42388317],[-0.63397655]
49,HCP-D,7,0,posaffect,49,-0.028512470029185773,0.902357191900764,[-0.43754949],[-0.28908235],[1.15578579],[0.17672559],[0.3093239]
50,HCP-D,7,0,posaffect,50,-0.37399719470835513,0.09488550766152692,[0.48295754],[0.25695128],[-0.27424572],[-0.00813232],[0.8234845]
51,HCP-D,7,0,posaffect,51,-0.05384703234615903,0.8166809282450398,[0.77653168],[-0.3530393],[-0.30701835],[0.05704307],[0.44034905]
52,HCP-D,7,0,posaffect,52,-0.13961303531890837,0.5461234172002389,[-0.53753958],[0.58760356],[-0.37930973],[0.00727716],[-0.64030486]
53,HCP-D,7,0,posaffect,53,0.01432841853279046,0.9508469166478817,[-0.3161368],[-0.54853819],[-0.03859786],[0.65118117],[0.65193041]
54,HCP-D,7,0,posaffect,54,0.035406236571982996,0.8789000646798647,[-0.63834474],[0.31720499],[0.45488984],[-0.20248362],[-0.53144807]
55,HCP-D,7,0,posaffect,55,-0.13879235835511233,0.5485087190922956,[0.89328699],[-0.27535106],[-0.13945195],[0.57127079],[0.30011563]
56,HCP-D,7,0,posaffect,56,-0.15094845000535503,0.5136695476673541,[0.37645959],[-0.32613073],[0.31295385],[0.64695056],[0.7208653]
57,HCP-D,7,0,posaffect,57,-0.2577031920954353,0.25939933046690916,[-0.44876129],[0.66488802],[-0.31404926],[0.04290817],[0.5711601]
58,HCP-D,7,0,posaffect,58,0.2759411974296271,0.22598281327960906,[0.54053711],[0.58186658],[0.33224097],[-0.26378122],[-0.58807922]
59,HCP-D,7,0,posaffect,59,-0.38039595508201396,0.08892653130657872,[0.7897093],[-0.38679463],[-0.41466838],[-0.1442804],[0.25307969]
60,HCP-D,7,0,posaffect,60,0.045553880300217814,0.8445533370811769,[-0.08647927],[0.59318985],[0.7176364],[-0.04642293],[-0.37714647]
61,HCP-D,7,0,posaffect,61,-0.24815839687337868,0.2780768743668737,[0.55313581],[-0.60318329],[-0.13999846],[-0.11872914],[0.7103474]
62,HCP-D,7,0,posaffect,62,-0.18712536972609628,0.41666552527805883,[0.24262782],[0.96002925],[0.16791793],[0.48044499],[0.06026014]
63,HCP-D,7,0,posaffect,63,0.021220847302149362,0.927253200018812,[0.68033365],[0.38418939],[0.5659158],[-0.29195468],[0.32457299]
64,HCP-D,7,0,posaffect,64,0.023025635866473625,0.9210840799598652,[-0.31645476],[0.26347328],[0.34191182],[0.06180367],[0.88916858]
65,HCP-D,7,0,posaffect,65,-0.12225948735855799,0.5975380488982882,[-0.22259881],[0.12550375],[-0.47185755],[-0.24665103],[1.03021329]
66,HCP-D,7,0,posaffect,66,0.18139846005761073,0.4313212652833602,[-0.40650988],[-0.26264095],[-0.29334387],[0.15299057],[0.81710445]
67,HCP-D,7,0,posaffect,67,5.775085275164238e-05,0.9998017726898999,[1.0181421],[-0.3460632],[-0.11893898],[-0.06638565],[-0.13753511]
68,HCP-D,7,0,posaffect,68,0.4818333951079694,0.02698169709050681,[0.68026294],[0.12472593],[0.5555208],[0.32374494],[-0.39578246]
69,HCP-D,7,0,posaffect,69,-0.19159933641611687,0.40540669831392506,[0.42125702],[-0.52842911],[-0.17449539],[0.25532244],[0.72910838]
70,HCP-D,7,0,posaffect,70,0.06284641187578427,0.7866751173122306,[0.65830963],[0.37528861],[-0.44015329],[-0.36175854],[-0.50807184]
71,HCP-D,7,0,posaffect,71,-0.23298506307237385,0.3094533120548192,[0.71598285],[0.57551399],[0.3999468],[-0.05620018],[-0.0807158]
72,HCP-D,7,0,posaffect,72,-0.3426912403709011,0.12832822478088368,[-0.14047014],[0.416918],[0.32205995],[0.18759677],[0.84578359]
73,HCP-D,7,0,posaffect,73,-0.1134845410799141,0.6242793127176516,[0.22180306],[0.03132159],[0.02970777],[0.23262525],[0.99059224]
74,HCP-D,7,0,posaffect,74,-0.13824164540065698,0.5501120135143637,[0.78589974],[0.55710065],[0.33001623],[-0.16828356],[-0.13673627]
75,HCP-D,7,0,posaffect,75,-0.06973019746404963,0.7639156532743379,[0.61988617],[-0.48232615],[0.07557068],[0.76354865],[0.58765024]
76,HCP-D,7,0,posaffect,76,0.014428761634587624,0.9505030980739704,[0.58681864],[-0.27540948],[-0.00513329],[0.46522609],[0.6059845]
77,HCP-D,7,0,posaffect,77,0.2947932728603465,0.19454591009537195,[0.68716739],[-0.00359642],[0.61382272],[0.4011726],[0.13105582]
78,HCP-D,7,0,posaffect,78,0.05065663812620545,0.8273801922378264,[0.32018218],[0.71409454],[0.49131506],[-0.34099977],[0.27375885]
79,HCP-D,7,0,posaffect,79,0.09003982462372981,0.6979134538351917,[0.75955536],[-0.46882782],[0.53921961],[0.204574],[0.09418457]
80,HCP-D,7,0,posaffect,80,-0.18152636544861625,0.43099097827021393,[-0.50071896],[0.09558793],[0.30452111],[0.93535687],[0.13971368]
81,HCP-D,7,0,posaffect,81,-0.17408281011495896,0.4504350404586247,[-0.1582243],[-0.00352996],[0.1844733],[0.7259044],[0.77382068]
82,HCP-D,7,0,posaffect,82,0.16068233566947482,0.48655871954574503,[0.43022029],[0.09774267],[0.60643977],[-0.03783833],[-0.74901796]
83,HCP-D,7,0,posaffect,83,-0.44068389636328353,0.04555531780434094,[-0.14616592],[-0.20607314],[0.62635943],[-0.38320944],[-0.6668496]
84,HCP-D,7,0,posaffect,84,0.33842862497307247,0.13345932705387809,[0.80838448],[-0.00656868],[0.61388652],[0.23508665],[0.11538117]
85,HCP-D,7,0,posaffect,85,-0.03621660855395139,0.8761486751942693,[0.13882766],[0.05429272],[0.97553119],[-0.32801868],[0.07442398]
86,HCP-D,7,0,posaffect,86,0.023756766917162914,0.918586152608835,[0.19435795],[0.15294529],[0.37221542],[-0.0561277],[0.90651702]
87,HCP-D,7,0,posaffect,87,-0.06592226554961508,0.7764837214847035,[0.39598567],[-0.10740646],[0.82415865],[-0.01173148],[0.52302563]
88,HCP-D,7,0,posaffect,88,0.11562982754868976,0.6176978312060103,[-0.35841931],[0.12247279],[-0.40041561],[0.69182032],[0.50382192]
89,HCP-D,7,0,posaffect,89,-0.0346703081276295,0.8813998674510448,[-0.66257473],[0.34952559],[0.72144167],[0.05633014],[0.32464311]
90,HCP-D,7,0,posaffect,90,0.02221011523822087,0.9238711693559033,[-0.39123633],[0.32723767],[0.42005002],[0.31882871],[0.78178595]
91,HCP-D,7,0,posaffect,91,0.03548216012208397,0.8786422301508471,[0.58028803],[0.13488725],[0.81991994],[-0.23305418],[-0.16112801]
92,HCP-D,7,0,posaffect,92,-0.11435607814560503,0.6216021827736435,[-0.64640534],[0.71114032],[0.1900194],[-0.15985275],[0.20980642]
93,HCP-D,7,0,posaffect,93,-0.04329000829609251,0.8521945755406117,[0.90381815],[-0.27271899],[-0.43579055],[0.15808205],[-0.19366265]
94,HCP-D,7,0,posaffect,94,-0.16612891715111983,0.4717056771267132,[0.85472882],[-0.34377255],[-0.02542113],[0.10430824],[0.48981269]
95,HCP-D,7,0,posaffect,95,-0.024740041861123756,0.9152279369626573,[0.46604375],[0.15824764],[0.60937121],[0.24098382],[0.63892227]
96,HCP-D,7,0,posaffect,96,-0.33291722985970496,0.14030748547120464,[0.8229048],[0.22559403],[0.34520488],[0.26142085],[0.39562126]
97,HCP-D,7,0,posaffect,97,0.1865035132633577,0.41824372245785374,[0.63040822],[0.30461105],[0.29668565],[0.0393275],[0.6552734]
98,HCP-D,7,0,posaffect,98,-0.07380008126692841,0.7505459693564757,[-0.6654026],[0.38487474],[0.69006174],[0.00283665],[0.00491965]
99,HCP-D,7,0,posaffect,99,0.5674440412639881,0.007298733002707415,[-0.59873926],[-0.48332396],[0.04266676],[0.71008815],[-0.20908035]
100,HCP-D,7,0,posaffect,100,-0.20956466124055007,0.36191457171255376,[0.76306474],[0.11075064],[-0.44278234],[0.37405921],[0.32544719]
101,HCP-D,7,0,posaffect,101,-0.11713701880985866,0.6130907127012608,[-0.41684737],[-0.50062307],[0.03532077],[0.45303781],[0.78082072]
102,HCP-D,7,0,posaffect,102,-0.26236580966913164,0.2505729278578194,[-0.45492015],[0.37467797],[0.56745569],[-0.35786873],[-0.50371771]
103,HCP-D,7,0,posaffect,103,-0.01104049178030933,0.9621170722594039,[0.85753967],[-0.19079673],[-0.55256036],[-0.14208452],[-0.22451878]
104,HCP-D,7,0,posaffect,104,-0.1900231186904727,0.4093540833505465,[0.24541971],[0.32193203],[0.57381351],[0.41671324],[0.6589503]
105,HCP-D,7,0,posaffect,105,0.09722396705444805,0.6750332295046737,[0.42488041],[0.37299074],[0.80427348],[-0.30483135],[-0.08689318]
106,HCP-D,7,0,posaffect,106,-0.17638774367591217,0.4443658714115091,[0.54783902],[0.55273534],[0.72079058],[0.16955035],[0.11760784]
107,HCP-D,7,0,posaffect,107,-0.07497714575840163,0.7466918897337396,[-0.17790682],[-0.44544426],[0.80474764],[0.59983601],[0.06639946]
108,HCP-D,7,0,posaffect,108,-0.4254235220041345,0.054523916407853874,[0.75083962],[-0.38705047],[-0.55658432],[0.47052309],[-0.17401943]
109,HCP-D,7,0,posaffect,109,-0.2710745715292107,0.23460885091486808,[0.60732097],[-0.20371573],[-0.51092142],[-0.41908397],[-0.50706301]
110,HCP-D,7,0,posaffect,110,-0.27513109953172277,0.22740407259107687,[-0.43592923],[0.30391146],[0.54028076],[-0.0450475],[0.81791658]
111,HCP-D,7,0,posaffect,111,-0.12028846346789707,0.6035029122937008,[0.87335245],[0.4036375],[0.27489106],[0.01273526],[-0.10146789]
112,HCP-D,7,0,posaffect,112,-0.0897005437210101,0.6990004510735931,[0.61337208],[-0.33877437],[-0.53317002],[-0.42563343],[0.2996979]
113,HCP-D,7,0,posaffect,113,0.2251534991462245,0.32645452066393027,[-0.48386339],[0.19960076],[0.71442098],[-0.30914963],[0.39970163]
114,HCP-D,7,0,posaffect,114,-0.2329534201602105,0.3095209023317468,[0.3484383],[0.42377972],[0.53277965],[0.32954628],[0.61784042]
115,HCP-D,7,0,posaffect,115,-0.35086425266150223,0.11888662793223423,[0.64499554],[0.5447181],[-0.03402862],[-0.4214126],[-0.41583903]
116,HCP-D,7,0,posaffect,116,-0.14069520731219257,0.5429853183866692,[-0.62484627],[0.74732013],[0.01322788],[-0.12953431],[0.29135946]
117,HCP-D,7,0,posaffect,117,-0.1223966076923731,0.5971240022668475,[0.38043369],[0.28299106],[-0.15715607],[-0.19791258],[0.90496215]
118,HCP-D,7,0,posaffect,118,-0.13223846310333182,0.5677251334306445,[0.40871251],[0.21949907],[0.29633528],[0.76092061],[0.80469705]
119,HCP-D,7,0,posaffect,119,-0.0927075299772708,0.6893865625094507,[0.8456],[0.17098471],[0.35610207],[0.6206144],[-0.18457407]
120,HCP-D,7,0,posaffect,120,-0.02703177008186379,0.9074063987628787,[-0.50882533],[-0.23634137],[-0.29370862],[-0.12972446],[0.7773573]
121,HCP-D,7,0,posaffect,121,0.26671362754658673,0.24251809234732843,[0.26261041],[0.29246622],[-0.15922009],[-0.02356432],[0.92325485]
122,HCP-D,7,0,posaffect,122,-0.009591592841111538,0.9670858510984817,[-0.39249172],[-0.02671283],[0.53438793],[-0.54318961],[-0.59522025]
123,HCP-D,7,0,posaffect,123,-0.1427982344486285,0.5369106359015834,[0.86829343],[0.03428986],[0.1957963],[-0.34966861],[-0.39813634]
124,HCP-D,7,0,posaffect,124,0.04361951407919637,0.8510815867663508,[0.96874736],[0.05279576],[0.23592066],[-0.2675196],[0.01157396]
125,HCP-D,7,0,posaffect,125,-0.3645027544667686,0.10426131190594887,[0.6015327],[0.62180776],[0.64929308],[-0.17900603],[0.1817479]
126,HCP-D,7,0,posaffect,126,0.20116930666336638,0.38189324171631645,[0.4414355],[0.11005544],[-0.18476303],[-0.06240321],[0.88389499]
127,HCP-D,7,0,posaffect,127,0.03874628285312841,0.8675688570571427,[-0.50158513],[0.25639199],[0.93940946],[0.07085659],[-0.53786196]
128,HCP-D,7,0,posaffect,128,-0.1075248656760188,0.6427066753403827,[0.81509835],[-0.2821088],[-0.09834792],[0.42689193],[0.40478689]
129,HCP-D,7,0,posaffect,129,-0.0980174248126349,0.672522610867861,[0.76435613],[-0.21865568],[0.23513668],[0.05492316],[0.75771064]
130,HCP-D,7,0,posaffect,130,0.22825247506458834,0.319661676846911,[-0.64176314],[0.28342009],[0.63586007],[0.16416165],[0.3645434]
131,HCP-D,7,0,posaffect,131,-0.1384076304010891,0.5496285571040802,[0.44713727],[0.44401509],[0.77925509],[0.12082655],[0.10916526]
132,HCP-D,7,0,posaffect,132,-0.18436976628929813,0.423683419125035,[-0.05644658],[0.33541136],[0.80599863],[0.18455326],[-0.65883584]
133,HCP-D,7,0,posaffect,133,0.16866865254317245,0.4648591432732975,[0.03933248],[0.15385338],[0.68288617],[0.72600822],[-0.42367374]
134,HCP-D,7,0,posaffect,134,-0.3915802561980559,0.07918233789045705,[-0.48048398],[-0.14277506],[-0.23944714],[0.30240937],[0.83648834]
135,HCP-D,7,0,posaffect,135,-0.2544117512122171,0.26574762352018744,[-0.58821261],[0.27283651],[0.65145333],[0.08454966],[-0.55154131]
136,HCP-D,7,0,posaffect,136,-0.13167161200169022,0.5694009670220426,[0.61105063],[0.31351655],[0.72147349],[0.02400918],[-0.2852951]
137,HCP-D,7,0,posaffect,137,0.02723364072976196,0.9067178104780487,[-0.10565255],[-0.25091017],[-0.59565858],[0.80687646],[0.29073617]
138,HCP-D,7,0,posaffect,138,-0.3449983247175225,0.12561057269991088,[-0.57268198],[0.36855794],[0.48582432],[0.34618429],[-0.46465785]
139,HCP-D,7,0,posaffect,139,-0.026768361458950583,0.908304991426595,[0.76223302],[0.26396923],[0.43643769],[0.57833413],[-0.03321433]
140,HCP-D,7,0,posaffect,140,0.44455087807149535,0.043475231673263726,[0.30932719],[0.75277131],[0.56181798],[0.15400657],[0.14202131]
141,HCP-D,7,0,posaffect,141,-0.30529562634300594,0.17837801797831598,[-0.54281334],[0.30271835],[-0.01042011],[-0.22508928],[0.76006642]
142,HCP-D,7,0,posaffect,142,0.38157951232569576,0.08785537639112581,[-0.32556046],[0.56912336],[0.45660979],[0.37145288],[0.51953692]
143,HCP-D,7,0,posaffect,143,0.40043690217701944,0.07204993483510412,[-0.54939686],[-0.86924856],[0.18474896],[-0.41444656],[-0.42017128]
144,HCP-D,7,0,posaffect,144,-0.009160592025185139,0.9685641375181696,[0.41582441],[0.66053029],[-0.47823445],[-0.28955952],[0.29806717]
145,HCP-D,7,0,posaffect,145,-0.01765390775023233,0.939457194155974,[0.93613788],[0.03946883],[-0.13109598],[0.43851823],[-0.09556219]
146,HCP-D,7,0,posaffect,146,0.3171337767177913,0.16128344489994131,[0.63950887],[0.70803425],[-0.0220593],[0.40835206],[0.01544746]
147,HCP-D,7,0,posaffect,147,0.2087702959474504,0.3637787120541028,[0.58119867],[0.61941008],[0.18104091],[0.56334562],[-0.0725436]
148,HCP-D,7,0,posaffect,148,-0.023595973302156747,0.9191354454687556,[-0.32900509],[-0.09065359],[-0.29135543],[0.9646603],[0.07937577]
149,HCP-D,7,0,posaffect,149,-0.14306093587949176,0.5361540237136777,[0.61417251],[0.52591971],[0.50979867],[-0.42387538],[-0.02226555]
150,HCP-D,7,0,posaffect,150,-0.05593902897739947,0.8096821120671048,[0.68956175],[0.59781691],[0.10560758],[0.09557734],[0.39020386]
151,HCP-D,7,0,posaffect,151,0.10264725233925368,0.657940676212059,[0.3459839],[-0.51532718],[0.7454731],[-0.30969101],[0.30992621]
152,HCP-D,7,0,posaffect,152,0.444821473220058,0.04333248132021806,[0.44030928],[-0.43163841],[-0.39139854],[-0.13940851],[0.72729943]
153,HCP-D,7,0,posaffect,153,0.08488197225438815,0.714498639325535,[-0.5646273],[-0.44466625],[-0.1124718],[0.15794484],[0.70499182]
154,HCP-D,7,0,posaffect,154,-0.1090079773992644,0.6381014338655103,[-0.26699623],[0.69135531],[0.24231097],[0.50285321],[-0.39700283]
155,HCP-D,7,0,posaffect,155,-0.23590468072895235,0.3032554748934504,[-0.56818585],[0.36186556],[0.10011131],[0.67383302],[-0.30804454]
156,HCP-D,7,0,posaffect,156,-0.04558477247104303,0.8444491581476952,[0.12246274],[0.74959788],[-0.40753185],[0.26548148],[-0.46313374]
157,HCP-D,7,0,posaffect,157,-0.18063396785246608,0.4332982028460254,[-0.2157765],[0.10181709],[-0.34353579],[0.3028945],[0.88046279]
158,HCP-D,7,0,posaffect,158,-0.006990941585435034,0.9760072169200606,[0.66245186],[0.13769971],[0.70513518],[0.31724347],[-0.11299086]
159,HCP-D,7,0,posaffect,159,-0.27801137672399856,0.22237732507443894,[0.77803032],[0.11594481],[0.56770721],[-0.11857591],[-0.51037457]
160,HCP-D,7,0,posaffect,160,0.04595783275819364,0.8431912694563577,[0.49745224],[-0.1765478],[0.77656377],[-0.04002411],[0.55800215]
161,HCP-D,7,0,posaffect,161,-0.2321221972196563,0.31129962859026483,[0.19579357],[-0.45611933],[0.62075231],[-0.22703636],[-0.5884472]
162,HCP-D,7,0,posaffect,162,0.07819831890105179,0.7361747099033398,[0.92053339],[-0.39171783],[-0.0303015],[-0.05370124],[0.0531703]
163,HCP-D,7,0,posaffect,163,-0.3165711614125057,0.16206914267210956,[-0.367335],[-0.56373399],[-0.47486138],[0.52732943],[-0.34759788]
164,HCP-D,7,0,posaffect,164,0.001128306479539598,0.9961271506287511,[0.57347611],[0.48778116],[0.20412624],[0.43856782],[0.46663467]
165,HCP-D,7,0,posaffect,165,0.584573320309069,0.00538449200459572,[-0.46448139],[-0.16490904],[0.58016597],[0.14486569],[0.66244255]
166,HCP-D,7,0,posaffect,166,0.03957705147230556,0.8647542407616942,[0.52246326],[0.098326],[-0.44485863],[0.77576171],[-0.08262327]
167,HCP-D,7,0,posaffect,167,-0.17481711998498442,0.44849684897576947,[-0.10696256],[0.02963118],[-0.00491294],[0.83655826],[0.75824661]
168,HCP-D,7,0,posaffect,168,-0.11370952958267848,0.6235877697579143,[-0.43645896],[0.92649225],[-0.0105374],[-0.08351036],[0.04485955]
169,HCP-D,7,0,posaffect,169,-0.06611717072825321,0.7758391019029294,[-0.64867438],[-0.23024508],[0.67786223],[-0.33851406],[0.30008482]
170,HCP-D,7,0,posaffect,170,-0.11472593976324941,0.6204674525750903,[0.91912162],[-0.06893993],[-0.25499674],[0.2196239],[-0.27571054]
171,HCP-D,7,0,posaffect,171,0.2063964095711968,0.3693822904123159,[0.48541354],[0.02868065],[0.88881286],[0.36923986],[-0.3194828]
172,HCP-D,7,0,posaffect,172,-0.06198182082166724,0.7895459454688333,[-0.71695645],[0.2867592],[0.49323034],[-0.58233503],[0.17350866]
173,HCP-D,7,0,posaffect,173,-0.12169712256323496,0.5992374098836567,[0.55620667],[-0.41145103],[-0.28204774],[0.86510003],[0.39853022]
174,HCP-D,7,0,posaffect,174,-0.4451215623925176,0.043174596912058216,[-0.35151068],[0.29640037],[0.83767614],[0.25596631],[0.34176586]
175,HCP-D,7,0,posaffect,175,-0.3984368763053767,0.07361666842792836,[0.92291375],[-0.30038977],[0.24349914],[0.10764788],[0.20226593]
176,HCP-D,7,0,posaffect,176,0.27022369506614285,0.23613870462080006,[0.17093637],[0.03923926],[0.23294455],[0.63593447],[0.87345385]
177,HCP-D,7,0,posaffect,177,-0.11264507099696988,0.6268622568960288,[-0.60241493],[-0.53364747],[-0.15599576],[0.78741535],[0.18711664]
178,HCP-D,7,0,posaffect,178,-0.14445563644427947,0.5321453930155917,[0.78601251],[-0.441658],[-0.18244087],[-0.01668401],[-0.47020709]
179,HCP-D,7,0,posaffect,179,-0.15961919804851674,0.4894847465731499,[0.41631051],[-0.34819041],[0.71953023],[0.24080969],[0.44155024]
180,HCP-D,7,0,posaffect,180,-0.39196854596982705,0.07885900773094591,[0.7849436],[0.56254631],[0.03189327],[-0.25124253],[0.15219039]
181,HCP-D,7,0,posaffect,181,0.053809559779318415,0.816806417612595,[-0.38469863],[0.49173582],[0.56299311],[0.52692105],[0.32925425]
182,HCP-D,7,0,posaffect,182,-0.15893613971008191,0.49136927742476316,[0.64264646],[0.24459291],[0.38924458],[0.56537605],[0.46249791]
183,HCP-D,7,0,posaffect,183,0.31404204555358584,0.16563383406157825,[-0.57075389],[-0.2911191],[0.84398526],[0.03620708],[0.16009988]
184,HCP-D,7,0,posaffect,184,-0.028048893116517835,0.9039376143486605,[0.96111546],[0.2873643],[0.51083299],[0.07887103],[-0.16460241]
185,HCP-D,7,0,posaffect,185,0.372771721202728,0.09605946619523927,[0.6497184],[0.614977],[-0.23760985],[0.48862836],[0.02974278]
186,HCP-D,7,0,posaffect,186,-0.2177503706492715,0.34302716312315706,[0.82622916],[-0.46976717],[0.25765106],[-0.24852354],[-0.11209579]
187,HCP-D,7,0,posaffect,187,0.009855194440995342,0.9661817768823777,[0.60611223],[-0.01051213],[0.85864738],[-0.25685498],[0.03419712]
188,HCP-D,7,0,posaffect,188,0.09343982711239292,0.6870521664231359,[0.29790222],[0.61535829],[0.4575955],[0.50318527],[-0.38860859]
189,HCP-D,7,0,posaffect,189,-0.16130352292148725,0.48485308212855244,[0.72622833],[0.19820642],[0.74520764],[0.0891903],[0.00452673]
190,HCP-D,7,0,posaffect,190,0.4770840844445185,0.028751847393105715,[0.91880665],[0.14412855],[-0.01828529],[0.24726362],[0.33272704]
191,HCP-D,7,0,posaffect,191,-0.18775419644370872,0.41507292496011505,[0.197056],[-0.22533809],[0.62984563],[-0.27261995],[0.775974]
192,HCP-D,7,0,posaffect,192,-0.14018835842007754,0.5444540589127093,[-0.67875415],[-0.13926574],[-0.37865556],[0.41604061],[0.57381999]
193,HCP-D,7,0,posaffect,193,0.011694213533133505,0.9598756645518938,[0.78709912],[-0.19285113],[-0.61765787],[0.04354909],[0.17323456]
194,HCP-D,7,0,posaffect,194,-0.15187234120378515,0.5110657184277271,[-0.27681784],[-0.33994986],[0.9329933],[-0.1360951],[0.49428112]
195,HCP-D,7,0,posaffect,195,-0.10404265105907284,0.6535688293586055,[0.7905678],[-0.14507361],[0.65897326],[0.19367108],[0.24263912]
196,HCP-D,7,0,posaffect,196,-0.26423853689444676,0.24708272136422904,[-0.67405509],[-0.04799457],[-0.20529434],[0.28872884],[0.80223539]
197,HCP-D,7,0,posaffect,197,0.12283389820636967,0.5958043674646246,[-0.07792291],[0.05364727],[0.77717876],[-0.14663564],[-0.69177509]
198,HCP-D,7,0,posaffect,198,0.11809260586726819,0.6101769567794796,[-0.08031055],[-0.5751592],[-0.02988601],[0.35522691],[0.808748]
199,HCP-D,7,0,posaffect,199,0.11422798915168524,0.6219953508986019,[-0.38814435],[0.18347793],[0.98821917],[0.07895496],[0.02696048]
200,HCP-D,7,0,posaffect,200,-0.034060698093630506,0.8834714149140496,[0.51216341],[0.08699715],[0.85463913],[-0.11510905],[0.3329165]
201,HCP-D,7,0,posaffect,201,0.10817526643955291,0.6406855365980947,[0.35799436],[0.24952929],[0.44772621],[0.19731103],[0.88655813]
202,HCP-D,7,0,posaffect,202,-0.27560572667544375,0.2265706649447632,[0.25869707],[-0.19754043],[0.02711291],[0.74630486],[0.82313876]
203,HCP-D,7,0,posaffect,203,0.15594179389548093,0.4996725784970992,[-0.76705147],[0.14071152],[0.66222298],[-0.02521145],[-0.43725737]
204,HCP-D,7,0,posaffect,204,-0.027380137786868496,0.9062181438684789,[0.73698688],[0.32284546],[0.53454921],[-0.01547088],[-0.39813588]
205,HCP-D,7,0,posaffect,205,-0.13292333924552344,0.5657032698952011,[0.57025261],[0.34786142],[0.0991757],[0.19065877],[0.72002134]
206,HCP-D,7,0,posaffect,206,-0.059316034637298974,0.7984139288094333,[-0.38158705],[-0.44180532],[-0.32401586],[0.27507052],[0.75839028]
207,HCP-D,7,0,posaffect,207,-0.29668708912292824,0.1915600079022094,[0.65186213],[0.42654221],[0.55214715],[-0.31896957],[-0.31510688]
208,HCP-D,7,0,posaffect,208,-0.21698001446255827,0.3447795377204517,[0.54075259],[0.34578072],[0.39677572],[0.73594733],[0.19707149]
209,HCP-D,7,0,posaffect,209,-0.169912311365735,0.4615251502903394,[0.65049701],[0.25216354],[0.25779135],[0.35883548],[-0.59065189]
210,HCP-D,7,0,posaffect,210,-0.24338134279286278,0.2877322558210407,[0.72554185],[0.19804974],[-0.11849563],[-0.16798475],[-0.67063951]
211,HCP-D,7,0,posaffect,211,0.06308977063760451,0.785867536060087,[0.87430231],[-0.04583762],[0.44167528],[0.18462617],[0.36020676]
212,HCP-D,7,0,posaffect,212,0.007899106487277685,0.9728914502251499,[-0.43562755],[-0.05913385],[0.10095506],[0.75026564],[-0.59773695]
213,HCP-D,7,0,posaffect,213,0.5501706298813769,0.009763830775879353,[-0.35206958],[0.42030787],[-0.29029771],[0.71164432],[0.48412134]
214,HCP-D,7,0,posaffect,214,0.06543569254086244,0.7780936049853109,[0.71164487],[-0.0590918],[0.15418654],[0.76153218],[0.15838306]
215,HCP-D,7,0,posaffect,215,-0.19355372484121994,0.4005413908731658,[0.4569561],[0.69708253],[-0.47818643],[0.31486415],[-0.12658682]
216,HCP-D,7,0,posaffect,216,0.2976620370499677,0.1900349836023248,[0.79456959],[-0.33397231],[0.35511131],[-0.3158017],[0.39272625]
217,HCP-D,7,0,posaffect,217,0.02369031467806403,0.9188131581830994,[0.99335621],[0.24924112],[-0.35898696],[0.42165677],[0.06679241]
218,HCP-D,7,0,posaffect,218,-0.1227909073037862,0.5959340492451741,[0.41481507],[-0.29764683],[0.18604359],[0.23232373],[0.8596303]
219,HCP-D,7,0,posaffect,219,0.15537005056132205,0.5012657562284168,[0.50060339],[0.57120176],[0.56708082],[-0.20955685],[-0.35127477]
220,HCP-D,7,0,posaffect,220,-0.17391516878918395,0.45087813534410065,[0.58657647],[0.6005286],[0.32326166],[0.36343352],[-0.3901419]
221,HCP-D,7,0,posaffect,221,-0.06231111907259271,0.7884522167484627,[0.55989233],[0.6664649],[0.00777671],[-0.18733496],[-0.53650438]
222,HCP-D,7,0,posaffect,222,-0.18533926965374994,0.4212071058527095,[0.87230065],[0.52837084],[-0.04495392],[0.09648049],[-0.16433379]
223,HCP-D,7,0,posaffect,223,-0.23275487757843,0.30994520006114884,[-0.65071677],[0.65682543],[0.10131389],[0.40154606],[-0.14428451]
224,HCP-D,7,0,posaffect,224,0.20348341481668675,0.37632532407234315,[0.73986979],[0.21370539],[0.63826596],[-0.15730735],[-0.03045246]
225,HCP-D,7,0,posaffect,225,0.21253045387263228,0.3550034710734581,[-0.8683152],[-0.27960803],[-0.47542234],[0.39031299],[0.14194936]
226,HCP-D,7,0,posaffect,226,0.3268439756042863,0.1481370622638361,[-0.41210355],[-0.09258167],[0.51126179],[0.90030263],[-0.56934482]
227,HCP-D,7,0,posaffect,227,0.3895399894568014,0.08089755870505191,[-0.86955747],[0.15748918],[0.18667839],[0.71001449],[-0.42040938]
228,HCP-D,7,0,posaffect,228,-0.14585600534902166,0.5281345537882655,[0.64726464],[0.00012835],[0.09448719],[-0.0536085],[0.81588698]
229,HCP-D,7,0,posaffect,229,-0.21333668654944563,0.35313805003235604,[-0.5001998],[-0.01146249],[0.85195084],[-0.29105665],[-0.09129384]
230,HCP-D,7,0,posaffect,230,0.45387177498434467,0.038763848900786824,[0.46768083],[-0.02195945],[-0.24950539],[-0.00416512],[0.85162862]
231,HCP-D,7,0,posaffect,231,-0.12382926935212347,0.5928051482708753,[0.57622544],[0.48193599],[0.80274946],[-0.03765997],[0.20557294]
232,HCP-D,7,0,posaffect,232,0.08045446788683683,0.7288351738497867,[0.37785564],[0.50786194],[0.65567848],[-0.43870308],[-0.11489435]
233,HCP-D,7,0,posaffect,233,-0.23396120727388614,0.3073726374397671,[0.39867195],[0.23949783],[-0.02345671],[0.95331888],[0.50491296]
234,HCP-D,7,0,posaffect,234,0.28608003717747144,0.20868694281570388,[-0.63015721],[0.49349439],[-0.11881488],[0.57887225],[-0.45321378]
235,HCP-D,7,0,posaffect,235,-0.20006786614451497,0.3845595994564975,[-0.39629766],[-0.17970809],[-0.04638093],[0.89358318],[0.41972133]
236,HCP-D,7,0,posaffect,236,0.4069265223598459,0.0671385763343618,[-0.65028764],[0.23279054],[0.72883401],[-0.17331292],[0.06603128]
237,HCP-D,7,0,posaffect,237,-0.13052179226385263,0.5728069273818597,[-0.04169716],[-0.41920573],[0.41794806],[0.7239657],[-0.59912974]
238,HCP-D,7,0,posaffect,238,-0.2752193609775407,0.22724894082711325,[0.18248291],[-0.41299557],[0.7955484],[-0.47675108],[0.08783712]
239,HCP-D,7,0,posaffect,239,0.13032819156921804,0.573381277603234,[0.90912601],[0.1349609],[0.15207692],[-0.36732052],[0.09947472]
240,HCP-D,7,0,posaffect,240,-0.4501630585334842,0.04058825629944985,[-0.4000743],[-0.47592781],[0.8085659],[0.00885323],[-0.20865344]
241,HCP-D,7,0,posaffect,241,-0.046711007669798854,0.8406528286634491,[-0.60111662],[0.7024328],[-0.09359309],[0.39452181],[0.05993477]
242,HCP-D,7,0,posaffect,242,-0.048861210611849885,0.8334144060794562,[0.09720564],[0.93350198],[0.29417192],[-0.25699482],[-0.29925638]
243,HCP-D,7,0,posaffect,243,-0.003300511419338009,0.9886714865161094,[0.68078717],[0.46132371],[-0.15752603],[-0.38197191],[-0.46795574]
244,HCP-D,7,0,posaffect,244,0.22241960534832794,0.33251803426886584,[0.80117183],[0.5117706],[0.28656993],[0.46528847],[-0.08723484]
245,HCP-D,7,0,posaffect,245,-0.2319994064339727,0.31156291119713947,[-0.25125296],[-0.6411506],[0.23185128],[0.04074907],[0.80873867]
246,HCP-D,7,0,posaffect,246,-0.5081059178649847,0.01868764888914136,[0.92271289],[-0.34119806],[-0.30420764],[0.12930429],[0.11835685]
247,HCP-D,7,0,posaffect,247,-0.07171621279539277,0.7573832020939407,[-0.06157648],[-0.24878837],[-0.41165143],[0.53501259],[-0.75928368]
248,HCP-D,7,0,posaffect,248,0.21439712732024757,0.3506931439374308,[0.81519095],[0.21912244],[0.70720494],[-0.05974043],[0.20813292]
249,HCP-D,7,0,posaffect,249,-0.005161240368174599,0.9822856020014438,[0.71945908],[0.24374753],[-0.55824998],[-0.47369709],[-0.11653717]
250,HCP-D,7,0,posaffect,250,-0.022427663806600648,0.923127599134779,[0.00498055],[0.2513587],[-0.01579773],[-0.21237966],[0.96810266]
251,HCP-D,7,0,posaffect,251,0.15303280595348398,0.5078041471136573,[1.00225133],[0.11770508],[-0.13479487],[-0.43237698],[0.07997287]
252,HCP-D,7,0,posaffect,252,-0.2479440701325904,0.27850567666406323,[-0.50623277],[-0.23566731],[0.04808107],[0.61547885],[-0.67063621]
253,HCP-D,7,0,posaffect,253,0.4034960238000064,0.06970222066117789,[0.56873156],[0.61681191],[-0.42459039],[-0.12005676],[-0.48569855]
254,HCP-D,7,0,posaffect,254,0.18206297474105612,0.4296067744290996,[0.7000934],[-0.31205666],[0.46882398],[0.50361309],[0.04518661]
255,HCP-D,7,0,posaffect,255,0.13389499619572676,0.5628402475738603,[0.64230171],[-0.25557104],[-0.25424615],[0.84947506],[0.14157718]
256,HCP-D,7,0,posaffect,256,0.20532438274992101,0.37192887822023346,[0.31337779],[0.14974837],[0.08345919],[0.2780775],[0.95115085]
257,HCP-D,7,0,posaffect,257,-0.024032313520705208,0.9176449310476106,[-0.19828468],[-0.28221748],[0.51406927],[0.86280408],[0.41599892]
258,HCP-D,7,0,posaffect,258,0.12092252117284948,0.6015813963625892,[-0.53819648],[0.09877356],[0.31523502],[0.4428862],[0.74534568]
259,HCP-D,7,0,posaffect,259,-0.35685789611052543,0.11228789510866517,[0.82848372],[0.19694896],[0.06705753],[0.32636512],[-0.51780609]
260,HCP-D,7,0,posaffect,260,0.14029775251117146,0.5441369046572682,[0.83207636],[-0.13522504],[-0.27389458],[-0.41125572],[0.39570271]
261,HCP-D,7,0,posaffect,261,0.06707012312288448,0.7726894042485799,[0.87787297],[0.21245662],[0.30312368],[0.30634599],[0.18279498]
262,HCP-D,7,0,posaffect,262,0.03951789348312717,0.8649546143395508,[0.40507267],[-0.32385419],[0.49168668],[0.63933711],[-0.52273713]
263,HCP-D,7,0,posaffect,263,-0.33918025712237976,0.1325441381678138,[0.45335868],[0.15396208],[0.369846],[-0.17316096],[0.94551828]
264,HCP-D,7,0,posaffect,264,0.15786407399504174,0.494334262353078,[0.8714541],[-0.13801278],[0.14858609],[0.56508331],[-0.28944636]
265,HCP-D,7,0,posaffect,265,0.1293611259126067,0.5762539944072115,[0.33022513],[0.53398157],[0.57830403],[-0.04832316],[0.55361564]
266,HCP-D,7,0,posaffect,266,0.14827361849574877,0.5212436755317024,[-0.67289965],[0.34885179],[0.69294547],[-0.10753535],[0.30356405]
267,HCP-D,7,0,posaffect,267,-0.3150316228434571,0.16423267149649592,[0.71154087],[0.54753182],[0.39428239],[-0.25016501],[-0.29353799]
268,HCP-D,7,0,posaffect,268,0.3483619692776657,0.12172247650206941,[0.54481901],[-0.2078638],[-0.42531586],[0.21897753],[0.70830707]
269,HCP-D,7,0,posaffect,269,0.13542726244305373,0.5583384692408799,[0.62821134],[0.11804885],[-0.43111848],[-0.19722208],[0.68498064]
270,HCP-D,7,0,posaffect,270,-0.2596474088900869,0.25569518182111967,[0.51742583],[-0.49878674],[0.74684109],[-0.24850413],[-0.16415261]
271,HCP-D,7,0,posaffect,271,0.09667781207549674,0.6767632793486137,[-0.91636618],[-0.07205888],[0.68154784],[0.03868365],[-0.17441746]
272,HCP-D,7,0,posaffect,272,-0.14540512051024043,0.5294244007637405,[-0.30617358],[0.10429929],[-0.26274756],[-0.09538117],[0.93338973]
273,HCP-D,7,0,posaffect,273,-0.0955679673392167,0.6802837472551021,[0.06932147],[0.27968243],[-0.0472609],[0.53817747],[-0.91183763]
274,HCP-D,7,0,posaffect,274,-0.19913971637410668,0.3868145514157159,[-0.5700804],[0.38753705],[0.58962191],[-0.19772725],[-0.5028373]
275,HCP-D,7,0,posaffect,275,0.01745509817609067,0.9401378140237613,[0.80493283],[0.39933381],[0.58900635],[-0.20357715],[-0.09446085]
276,HCP-D,7,0,posaffect,276,-0.38696051436530615,0.08310553139141609,[0.55504194],[0.76450359],[0.10849308],[-0.46633171],[0.17981215]
277,HCP-D,7,0,posaffect,277,-0.11853983927451392,0.6088152054265378,[0.62364488],[-0.13992014],[0.52161558],[1.00062848],[-0.05772675]
278,HCP-D,7,0,posaffect,278,0.13755368346698632,0.5521178550908227,[-0.62771273],[0.09008929],[-0.29456615],[0.72774018],[0.55669077]
279,HCP-D,7,0,posaffect,279,0.38933079754353034,0.08107497555486223,[0.54221734],[0.16373843],[-0.38086163],[0.11590536],[0.85323183]
280,HCP-D,7,0,posaffect,280,0.01587999429900397,0.9455315273786696,[-0.49535581],[0.00125972],[0.06576429],[0.2075819],[0.85563052]
281,HCP-D,7,0,posaffect,281,-0.37391615682109636,0.09496281154942664,[0.63276399],[0.37180046],[-0.35079088],[-0.62210614],[-0.07483454]
282,HCP-D,7,0,posaffect,282,0.48299832218431776,0.02656098075358483,[0.72002309],[-0.47547162],[-0.25174011],[0.06579996],[-0.46455363]
283,HCP-D,7,0,posaffect,283,-0.2703960840511232,0.23582823165538153,[0.3829955],[0.24768168],[-0.48488531],[0.43122603],[-0.75942484]
284,HCP-D,7,0,posaffect,284,0.03493684916539763,0.8804943538758795,[-0.58717793],[-0.01474876],[0.35052431],[0.23618414],[0.81298616]
285,HCP-D,7,0,posaffect,285,-0.16574331876941056,0.4727496035002,[0.47773959],[-0.14307298],[-0.42025708],[-0.03220025],[0.77168281]
286,HCP-D,7,0,posaffect,286,-0.13673687446246013,0.5545036402503729,[-0.52759061],[-0.065524],[0.90837771],[0.25505476],[-0.11307725]
287,HCP-D,7,0,posaffect,287,0.2386410373694169,0.2975159971933279,[0.59040649],[0.10239459],[0.6361506],[0.14294818],[-0.56910577]
288,HCP-D,7,0,posaffect,288,0.12699603459657316,0.5833057534508602,[0.28782507],[0.03686211],[0.94182346],[0.53002484],[0.31155356]
289,HCP-D,7,0,posaffect,289,-0.06937384372957893,0.765089429882059,[0.55882552],[-0.11717994],[0.88467605],[0.28953258],[0.39907276]
290,HCP-D,7,0,posaffect,290,-0.19010593890190622,0.4091461523084002,[-0.42441447],[0.31481511],[0.51154226],[-0.12252972],[0.68050065]
291,HCP-D,7,0,posaffect,291,-0.015907684435435426,0.9454366860690993,[-0.68577482],[0.38624952],[0.72448196],[0.20595931],[0.00985097]
292,HCP-D,7,0,posaffect,292,-0.01869047273607174,0.9359092068669372,[-0.46051994],[0.74866203],[0.65038451],[0.18768015],[0.52676324]
293,HCP-D,7,0,posaffect,293,-0.2901584519077264,0.20198521623601373,[0.34773768],[0.62580873],[-0.3990929],[0.6485301],[-0.47032571]
294,HCP-D,7,0,posaffect,294,0.1880911779973451,0.4142208291808287,[-0.58005968],[0.51998759],[0.49291334],[0.39693662],[-0.11536936]
295,HCP-D,7,0,posaffect,295,0.23621994974143817,0.30259078064017364,[0.47977145],[0.69446837],[0.42157266],[0.32696456],[0.27980081]
296,HCP-D,7,0,posaffect,296,0.24301142734207543,0.28848848341339256,[-0.73872277],[0.33655324],[0.65539061],[-0.14369654],[0.17707465]
297,HCP-D,7,0,posaffect,297,0.015454785095651485,0.9469879970217606,[0.77437908],[-0.24663847],[-0.08893486],[-0.08547688],[-0.61372357]
298,HCP-D,7,0,posaffect,298,0.1580824501010414,0.4937295933345294,[0.62626386],[0.29447032],[0.70889597],[-0.09257289],[-0.2909155]
299,HCP-D,7,0,posaffect,299,0.1754756570265612,0.44676236434713296,[0.56945552],[0.14465028],[-0.08316747],[-0.03872093],[0.808165]
300,HCP-D,7,0,posaffect,300,0.3038273812681324,0.18058120805549138,[0.23068593],[0.0908544],[0.97803517],,
301,HCP-D,7,0,posaffect,301,0.3134870304491669,0.16642329535334102,[0.16136056],[0.00177427],[0.99856247],,
302,HCP-D,7,0,posaffect,302,0.25002246487851654,0.27436485909605113,[-0.34263147],[0.3521188],[0.87119535],,
303,HCP-D,7,0,posaffect,303,0.33522464475764324,0.13741086899906432,[0.34234619],[0.13602493],[0.93545383],,
304,HCP-D,7,0,posaffect,304,0.2729651890919281,0.23123269052882262,[0.33618168],[0.38689509],[0.86727876],,
305,HCP-D,7,0,posaffect,305,0.33596029122126336,0.13649634157631918,[0.38317182],[0.48160116],[0.78985837],,
306,HCP-D,7,0,posaffect,306,0.43393278213497377,0.04937035082916304,[-0.56004688],[0.01908545],[0.86640918],,
307,HCP-D,7,0,posaffect,307,0.20397818240370627,0.3751408780496641,[-0.39251361],[0.11185322],[0.95351712],,
308,HCP-D,7,0,posaffect,308,0.2964697738460027,0.19190105815829853,[-0.35104931],[0.48746332],[0.8008944],,
309,HCP-D,7,0,posaffect,309,-0.0018880413674301696,0.9935194448683201,[-0.22688616],[0.47017348],[0.85541513],,
310,HCP-D,7,0,posaffect,310,0.48622930360866534,0.025421261231504847,[-0.43934894],[0.14876476],[0.89345113],,
311,HCP-D,7,0,posaffect,311,0.4522039796220081,0.03957619582935417,[0.33624533],[0.12114897],[0.9424681],,
312,HCP-D,7,0,posaffect,312,0.3564502245040423,0.11272812743823749,[0.28603758],[0.24229746],[0.93768845],,
313,HCP-D,7,0,posaffect,313,-0.20189791535919505,0.3801351716963333,[0.25937615],[0.22307896],[0.94869595],,
314,HCP-D,7,0,posaffect,314,0.5092139420978888,0.01838915765006444,[-0.35782508],[0.31776246],[0.88148007],,
315,HCP-D,7,0,posaffect,315,0.496441180533064,0.0220721535624566,[-0.19988228],[0.17419574],[0.97058265],,
316,HCP-D,7,0,posaffect,316,-0.08901049633139692,0.701212990963182,[0.44983948],[-0.00664728],[0.89683194],,
317,HCP-D,7,0,posaffect,317,0.3818080745367906,0.08764962605348045,[-0.38210828],[0.05730578],[0.96392358],,
318,HCP-D,7,0,posaffect,318,0.4595235207155977,0.03610729945226835,[-0.40973133],[0.11763441],[0.91776361],,
319,HCP-D,7,0,posaffect,319,0.3821713062164765,0.08732338145395559,[0.2610098],[0.20837861],[0.9529877],,
320,HCP-D,7,0,posaffect,320,0.29243206574395864,0.19831243486214495,[0.50753196],[0.45708304],[0.73049034],,
321,HCP-D,7,0,posaffect,321,0.5640158097599551,0.007742096441501021,[-0.32208364],[0.47071227],[0.82263058],,
322,HCP-D,7,0,posaffect,322,0.5642929455146324,0.007705452478842806,[0.04671709],[0.20394135],[0.98078584],,
323,HCP-D,7,0,posaffect,323,0.26890053649485196,0.23853055309309884,[0.5088083],[0.46200955],[0.73092681],,
324,HCP-D,7,0,posaffect,324,0.48601000274249534,0.025497369122911336,[0.41541619],[0.34716589],[0.85462323],,
325,HCP-D,7,0,posaffect,325,0.4288792125527861,0.05238356642125108,[0.14003165],[-0.20117901],[0.97589351],,
326,HCP-D,7,0,posaffect,326,0.21228966078275757,0.35556171176043844,[0.41784581],[0.24528124],[0.87823803],,
327,HCP-D,7,0,posaffect,327,0.3561471400479376,0.11305622769132287,[-0.08181138],[-0.26328053],[0.96203279],,
328,HCP-D,7,0,posaffect,328,0.3005645677548819,0.1855435036736188,[0.42619085],[0.33546255],[0.85490956],,
329,HCP-D,7,0,posaffect,329,0.3297229192248911,0.1443882519649582,[-0.367383],[0.11443805],[0.95966456],,
330,HCP-D,7,0,posaffect,330,0.3075532533834638,0.17502626574236999,[-0.45819669],[0.15764073],[0.87711645],,
331,HCP-D,7,0,posaffect,331,0.36142112075927413,0.107444833724279,[-0.29918262],[0.4115562],[0.86585171],,
332,HCP-D,7,0,posaffect,332,0.321170540472481,0.15572344895390777,[-0.57929836],[0.22182484],[0.79893232],,
333,HCP-D,7,0,posaffect,333,0.40634789961541207,0.06756591413838228,[-0.3641651],[0.35492043],[0.87271403],,
334,HCP-D,7,0,posaffect,334,0.30640061322343976,0.1767320802331118,[0.47319625],[0.13079418],[0.87518223],,
335,HCP-D,7,0,posaffect,335,-0.12271547923484394,0.5961616060805524,[-0.20349739],[0.31552856],[0.93070943],,
336,HCP-D,7,0,posaffect,336,0.3705607373309275,0.09820444659019925,[0.25128778],[0.11870939],[0.96912947],,
337,HCP-D,7,0,posaffect,337,0.01970779326403589,0.9324282261458247,[0.12688461],[0.13350452],[1.02595094],,
338,HCP-D,7,0,posaffect,338,0.4194493678411713,0.05838126808122429,[0.06113068],[-0.26259649],[0.96518168],,
339,HCP-D,7,0,posaffect,339,-0.15825254716286505,0.4932588578627652,[0.34844946],[0.06374728],[0.97982814],,
340,HCP-D,7,0,posaffect,340,0.4457429938567715,0.04284906497999217,[0.28889011],[0.13892774],[0.94959647],,
341,HCP-D,7,0,posaffect,341,0.4504660138944304,0.040436766400500215,[0.49325662],[-0.19453642],[0.85224927],,
342,HCP-D,7,0,posaffect,342,0.40522612508089534,0.06840024006606175,[-0.40869246],[-0.25822742],[0.89607786],,
343,HCP-D,7,0,posaffect,343,0.3873296773261553,0.08278681857904575,[-0.42469298],[0.07015605],[0.96063164],,
344,HCP-D,7,0,posaffect,344,0.30840346598708634,0.17377527308434965,[0.29648519],[0.22938981],[0.96215353],,
345,HCP-D,7,0,posaffect,345,0.33947909308062135,0.1321815175838148,[0.19602431],[0.10108843],[0.99736161],,
346,HCP-D,7,0,posaffect,346,0.3971798209558478,0.07461439285406113,[-0.35986496],[0.11928488],[0.99467484],,
347,HCP-D,7,0,posaffect,347,0.3582929857176402,0.11074808595069911,[-0.13737438],[0.10721038],[0.99597744],,
348,HCP-D,7,0,posaffect,348,0.27294751588520255,0.23126410280602508,[0.12283828],[0.09815463],[1.03488731],,
349,HCP-D,7,0,posaffect,349,0.3899708256763912,0.08053307588333015,[0.33661019],[-0.21201768],[1.0001808],,
