,Dataset,Repeat,Fold,Target,Region,R,P-value,rs_par_loading,s_myelin_loading,s_gmv_loading,s_cs_loading,s_ct_loading
0,HCP-D,0,1,fear,0,0.08178472056457733,0.5976615183465587,[0.91476007],[0.22249044],[-0.37378998],[0.30286899],[-0.12371042]
1,HCP-D,0,1,fear,1,-0.07483468063673797,0.6292486951503,[0.2660703],[-0.45880025],[0.40343048],[0.30630269],[0.74930689]
2,HCP-D,0,1,fear,2,-0.2089978971314286,0.17335081986181872,[-0.07850302],[-0.46693674],[0.16959243],[1.00089747],[0.32258482]
3,HCP-D,0,1,fear,3,-0.013035015107843089,0.9330732622099857,[0.2236923],[-0.25752157],[0.5774093],[0.48158869],[0.66995351]
4,HCP-D,0,1,fear,4,-0.03738007431266591,0.8096346585407119,[0.04478692],[-0.15888538],[0.30643577],[0.04239552],[0.95092613]
5,HCP-D,0,1,fear,5,-0.29005730499335347,0.0561437230086555,[-0.09322509],[0.30889249],[0.87629212],[-0.12140639],[0.62158338]
6,HCP-D,0,1,fear,6,0.2173233911453376,0.15646507893406048,[-0.38064785],[-0.41229311],[0.76390293],[-0.20166262],[-0.28706316]
7,HCP-D,0,1,fear,7,0.19759479122770962,0.19855391020871804,[0.95670296],[0.14268218],[-0.13746984],[-0.24506283],[-0.04942704]
8,HCP-D,0,1,fear,8,0.1526608853439717,0.32251641074210147,[-0.12799928],[0.08863988],[1.1815694],[0.43367345],[0.55063364]
9,HCP-D,0,1,fear,9,-0.00011521459684755639,0.9994077741899559,[0.0302185],[-0.21737003],[-0.60377449],[0.62472769],[-0.52754565]
10,HCP-D,0,1,fear,10,-0.05654020891326848,0.7154546398227335,[-0.44261509],[-0.3973845],[0.51230718],[0.12176253],[0.69178126]
11,HCP-D,0,1,fear,11,-0.1336347636481595,0.3871474582360007,[0.53487205],[0.20864401],[0.51931879],[0.11243676],[0.68963157]
12,HCP-D,0,1,fear,12,0.1552335513369434,0.3143311798346078,[0.2422418],[0.15297506],[0.56324623],[0.63558288],[0.46118214]
13,HCP-D,0,1,fear,13,0.12207271980720136,0.42988606446410804,[-0.39897191],[0.3861411],[-0.22109091],[-0.09332332],[0.89945904]
14,HCP-D,0,1,fear,14,0.008091064612442946,0.9584284687445791,[0.28643477],[0.76975585],[0.37784294],[0.36400289],[-0.25089868]
15,HCP-D,0,1,fear,15,0.04703388716102756,0.7617574686923974,[0.85589786],[0.06500774],[-0.48426624],[0.02460263],[0.28064809]
16,HCP-D,0,1,fear,16,-0.048752157149422735,0.7533217275623649,[-0.28623288],[0.15088537],[0.97946951],[0.25913568],[-0.19107015]
17,HCP-D,0,1,fear,17,-0.18518365736513281,0.22880260374287914,[-0.09187904],[0.46743827],[0.65874424],[0.51244612],[0.38075138]
18,HCP-D,0,1,fear,18,0.1326840121949138,0.390564510950425,[-0.22620375],[-0.44992056],[0.77512269],[0.31914834],[0.62070816]
19,HCP-D,0,1,fear,19,-0.04490532387894193,0.7722453780499374,[0.37258209],[-0.39924595],[0.72181785],[-0.41186958],[-0.37167369]
20,HCP-D,0,1,fear,20,-0.26794106499826,0.07866835685793505,[-0.1713005],[0.45771462],[0.95006494],[0.14416937],[0.31943432]
21,HCP-D,0,1,fear,21,0.08525796952936351,0.5821410132992668,[0.23717531],[0.36443827],[0.33995866],[0.67453214],[0.58974352]
22,HCP-D,0,1,fear,22,-0.007737640831890047,0.9602428621871435,[-0.28102983],[0.34564535],[0.93351176],[-0.19893289],[0.02366901]
23,HCP-D,0,1,fear,23,0.10001375254966106,0.5183180920828333,[0.10487161],[0.36403748],[0.90605527],[0.14214056],[0.37550106]
24,HCP-D,0,1,fear,24,0.14705470147855262,0.340812508219582,[0.04154533],[0.68389776],[0.52761365],[0.08734484],[-0.50780952]
25,HCP-D,0,1,fear,25,0.24538161634244993,0.10838974850455572,[-0.01150104],[0.15011643],[0.67545341],[-0.08035538],[0.77195573]
26,HCP-D,0,1,fear,26,0.3329562570862245,0.027213784685685728,[-0.32427862],[0.45145819],[0.4736587],[0.67854442],[-0.2580025]
27,HCP-D,0,1,fear,27,0.17923702042789547,0.24436178487763585,[-0.05302072],[0.67105909],[-0.14400555],[0.28611103],[0.68738519]
28,HCP-D,0,1,fear,28,-0.22847666225539542,0.13577164598771702,[0.02342253],[0.06971288],[0.29655628],[-0.26090091],[0.94282598]
29,HCP-D,0,1,fear,29,0.018774678439122783,0.9037207575863815,[-0.03055745],[0.27997744],[0.54592816],[0.36891712],[0.76482761]
30,HCP-D,0,1,fear,30,0.04213340930247532,0.7859633031109471,[0.20133095],[0.38404456],[-0.23553259],[-0.34723636],[0.81714002]
31,HCP-D,0,1,fear,31,0.0984981530875152,0.5247090770865758,[0.47390052],[0.59374252],[0.51504901],[-0.18497977],[0.42740338]
32,HCP-D,0,1,fear,32,0.11625625540782743,0.45234568574788003,[0.10417262],[-0.75896748],[0.14893003],[0.19734822],[0.76090284]
33,HCP-D,0,1,fear,33,-0.16072698174232047,0.2972981682084755,[0.16827132],[0.333013],[0.4399189],[0.12061711],[0.82987593]
34,HCP-D,0,1,fear,34,0.027083117025436657,0.8614653187358143,[0.8522987],[-0.28702021],[-0.17035146],[0.59272756],[0.04001006]
35,HCP-D,0,1,fear,35,-0.05682651546959773,0.7140747056131941,[0.10641958],[0.35936195],[0.30111627],[0.05115284],[0.92820825]
36,HCP-D,0,1,fear,36,0.038373502507668834,0.8046727871705303,[-0.19463966],[-0.09723585],[-0.31194301],[0.08434023],[1.00857157]
37,HCP-D,0,1,fear,37,-0.0038644224161596824,0.9801380803313419,[-0.22088725],[0.05999511],[-0.37584519],[-0.37385801],[0.84326963]
38,HCP-D,0,1,fear,38,0.16076811632890733,0.29717291326581724,[0.19093382],[-0.09508466],[0.26958324],[0.00045014],[0.94261118]
39,HCP-D,0,1,fear,39,-0.05857090771996337,0.7056867274929361,[0.92936351],[-0.33562187],[0.16524809],[0.00817757],[-0.10947609]
40,HCP-D,0,1,fear,40,0.055531332990723416,0.7203243184602423,[0.23882581],[0.34763573],[-0.24591447],[-0.41472215],[0.81472079]
41,HCP-D,0,1,fear,41,0.19419620952349598,0.2065411468796176,[0.05223349],[-0.00230946],[0.35570874],[0.68798754],[0.69155718]
42,HCP-D,0,1,fear,42,0.022071938512718364,0.886913317180588,[0.34562251],[-0.18016695],[0.1269798],[0.4161862],[0.88269819]
43,HCP-D,0,1,fear,43,0.02819861418162741,0.8558184362599779,[0.13167164],[-0.29980976],[0.8590325],[0.1240299],[0.71405456]
44,HCP-D,0,1,fear,44,-0.007858120488896924,0.9596243255937997,[0.92527968],[0.05626459],[0.104204],[-0.22348143],[0.45386166]
45,HCP-D,0,1,fear,45,0.002013480275891169,0.9896505920436158,[-0.63757275],[0.51018646],[0.52566148],[-0.40756793],[-0.33510055]
46,HCP-D,0,1,fear,46,-0.23259595596442353,0.12866820785261496,[0.10263381],[0.39781952],[0.70974859],[0.05971365],[-0.63327621]
47,HCP-D,0,1,fear,47,-0.016444094706769843,0.915626236204547,[0.4402849],[-0.5082137],[0.27590079],[0.6935398],[-0.40744663]
48,HCP-D,0,1,fear,48,0.18146200272247479,0.23845849668990018,[-0.17659415],[0.5645001],[0.87712882],[0.34043035],[0.27404666]
49,HCP-D,0,1,fear,49,0.18085567078937556,0.2400575015583085,[-0.53690854],[-0.46142023],[0.88213493],[0.48047684],[0.30975893]
50,HCP-D,0,1,fear,50,-0.08192221211863682,0.5970436944923598,[-0.03336825],[0.14344388],[1.12927309],[0.1575966],[-0.23427025]
51,HCP-D,0,1,fear,51,0.16564384901859544,0.2825671474981506,[-0.57888877],[-0.41781372],[0.1821713],[0.68282244],[-0.36188283]
52,HCP-D,0,1,fear,52,0.21223283883993171,0.1666404049213923,[-0.09809014],[0.62600277],[0.68300264],[-0.46582511],[0.31303895]
53,HCP-D,0,1,fear,53,-0.07802297561230923,0.6146724258060036,[0.18867309],[-0.38073851],[0.17351038],[0.88055551],[0.71614489]
54,HCP-D,0,1,fear,54,-0.016874315933457146,0.9134270568777139,[0.66311772],[0.02496062],[-0.39379502],[-0.10101521],[0.63314737]
55,HCP-D,0,1,fear,55,-0.020207924476610274,0.8964093893475187,[0.0511938],[-0.06990614],[0.4728705],[-0.3785133],[-0.88271658]
56,HCP-D,0,1,fear,56,-0.07097393667215299,0.6470869869250053,[-0.32095201],[0.03965495],[0.33299813],[0.34203523],[0.91991295]
57,HCP-D,0,1,fear,57,-0.09833602325447754,0.5253950418932298,[0.71786122],[0.27977508],[0.32633872],[0.45606604],[0.44408608]
58,HCP-D,0,1,fear,58,0.04641063387179291,0.7648241060807002,[0.83618165],[-0.47299209],[-0.24495227],[0.30869717],[-0.1514582]
59,HCP-D,0,1,fear,59,0.1936647901486136,0.20781010725496507,[-0.16605987],[0.28232292],[0.86597065],[0.20084614],[-0.45880998]
60,HCP-D,0,1,fear,60,0.048984711017989596,0.7521821717273461,[0.2293996],[0.21139585],[0.62288437],[0.17842455],[0.88409595]
61,HCP-D,0,1,fear,61,0.1516604846915758,0.3257351501593617,[-0.1098299],[0.36746615],[0.26819606],[0.73264137],[0.81049572]
62,HCP-D,0,1,fear,62,0.02990211001046475,0.8472087845566875,[0.11245509],[0.11480841],[0.3901622],[0.69111513],[0.77367988]
63,HCP-D,0,1,fear,63,-0.02606128435058004,0.8666440550573757,[0.90301701],[-0.0500612],[-0.45222303],[0.27816185],[-0.27928784]
64,HCP-D,0,1,fear,64,0.31432202718331986,0.03771449584664389,[0.23868783],[-0.40853963],[0.94840869],[0.31152509],[0.28560419]
65,HCP-D,0,1,fear,65,-0.0745451252548357,0.6305795198547673,[0.06857399],[0.01289967],[-0.24830956],[-0.07954449],[1.06716993]
66,HCP-D,0,1,fear,66,-0.06649939817962812,0.6680078909000813,[-0.15396293],[0.33896043],[-0.14389211],[-0.08168431],[0.92060147]
67,HCP-D,0,1,fear,67,0.19248398536476888,0.2106491957086712,[-0.07899209],[-0.34318773],[0.97194634],[0.19219793],[-0.53018717]
68,HCP-D,0,1,fear,68,0.06658563946269407,0.6676022428825823,[0.1183649],[0.55555742],[0.28293451],[-0.49494227],[-0.69240241]
69,HCP-D,0,1,fear,69,0.13348146626371157,0.38769722588670924,[-0.04725761],[0.79056967],[-0.18743196],[-0.22541523],[-0.71270807]
70,HCP-D,0,1,fear,70,0.13241379612450838,0.3915388953120912,[0.43008383],[0.61363195],[0.29975841],[0.45801188],[0.49708109]
71,HCP-D,0,1,fear,71,0.20697307743178295,0.17764881159103146,[-0.32104147],[-0.38800391],[-0.03310263],[0.0002485],[0.9102618]
72,HCP-D,0,1,fear,72,-0.06194785742009054,0.6895468671361993,[0.53007638],[0.19726072],[0.71552024],[0.45304295],[0.24344913]
73,HCP-D,0,1,fear,73,-0.09579106617410185,0.5362202619299261,[-0.04381074],[-0.12493378],[0.12653916],[-0.32996891],[0.99580709]
74,HCP-D,0,1,fear,74,-0.08292063666844228,0.5925656596708735,[-0.66783934],[-0.08319821],[-0.03803449],[0.71101397],[-0.58722163]
75,HCP-D,0,1,fear,75,-0.11132501870606476,0.4718766959842465,[0.89761951],[0.05300686],[0.22388984],[0.67619772],[-0.26588832]
76,HCP-D,0,1,fear,76,-0.24981953882247288,0.10195306001904228,[-0.02284517],[-0.14672839],[1.04419313],[0.36017255],[-0.47599794]
77,HCP-D,0,1,fear,77,-0.3104195074153921,0.040288329857140176,[0.16287864],[0.44941916],[0.74037439],[0.5286297],[0.08590887]
78,HCP-D,0,1,fear,78,0.14147145772228492,0.35965703019071316,[0.3977123],[0.37168446],[0.82850095],[-0.08859046],[0.28264609]
79,HCP-D,0,1,fear,79,0.08928272098356985,0.5643866687737185,[-0.33500095],[0.25509034],[0.41359026],[-0.32951881],[0.81146953]
80,HCP-D,0,1,fear,80,-0.16162081741777473,0.2945840949279316,[0.19476795],[-0.25510369],[0.40176991],[0.52129509],[0.74206864]
81,HCP-D,0,1,fear,81,-0.18296433953790675,0.2345278338503186,[-0.32846599],[-0.59073548],[0.65698678],[0.48613741],[-0.1326656]
82,HCP-D,0,1,fear,82,-0.11571970126584266,0.4544492077607446,[0.07012265],[0.26465261],[0.13381245],[-0.09354091],[0.98428108]
83,HCP-D,0,1,fear,83,0.05431674317177226,0.7262014669455389,[0.88308782],[-0.07217934],[0.31023839],[0.09758208],[0.35179866]
84,HCP-D,0,1,fear,84,-0.11138194415544073,0.47164870824437366,[0.79465781],[0.23962734],[0.23615494],[-0.15668223],[0.49605198]
85,HCP-D,0,1,fear,85,-0.046657304208382974,0.7636099686664981,[-0.73116329],[0.10394221],[0.67767502],[-0.11339607],[0.38840595]
86,HCP-D,0,1,fear,86,0.19270968425131232,0.2101044531598366,[0.85196681],[-0.18884223],[-0.37197822],[-0.29150248],[-0.16766425]
87,HCP-D,0,1,fear,87,-0.15574311370142271,0.31272571214723666,[-0.43220155],[-0.5597263],[0.75590157],[-0.25622485],[0.08925327]
88,HCP-D,0,1,fear,88,0.05533131696760906,0.7212910702841636,[0.22078274],[-0.08717046],[0.40698417],[-0.12262474],[0.92390433]
89,HCP-D,0,1,fear,89,-0.04623337463252755,0.765696939051778,[0.37934704],[0.26450285],[0.98039537],[0.15454123],[-0.34899297]
90,HCP-D,0,1,fear,90,0.25736776148475815,0.09168383261865487,[0.6887937],[0.49742267],[0.51210607],[0.17338454],[0.00897805]
91,HCP-D,0,1,fear,91,-0.030536706733860774,0.8440058967947073,[0.12082909],[0.21163523],[0.58334562],[-0.40943831],[-0.73332556]
92,HCP-D,0,1,fear,92,-0.02434365793232135,0.8753614710030532,[-0.45317768],[0.26511159],[0.3932597],[-0.34925802],[-0.76095681]
93,HCP-D,0,1,fear,93,0.14845085101952998,0.33619730822698,[0.10229298],[0.17627013],[1.04130505],[0.00691799],[0.54023155]
94,HCP-D,0,1,fear,94,0.010442509846060051,0.9463624269616495,[-0.51481958],[0.48089483],[-0.17108006],[0.44601072],[-0.81497435]
95,HCP-D,0,1,fear,95,0.07883927175872538,0.6109636422770984,[-0.22056045],[-0.41676278],[0.94448694],[0.43330215],[-0.20731469]
96,HCP-D,0,1,fear,96,-0.2672627844740635,0.07945720169896883,[0.05270084],[-0.38326569],[0.16459288],[0.16761321],[0.94705457]
97,HCP-D,0,1,fear,97,-0.06293381002033763,0.6848597688290005,[0.808674],[0.21508467],[-0.36441086],[0.27308486],[-0.45921422]
98,HCP-D,0,1,fear,98,-0.2492366053026957,0.10278140010163822,[0.83286286],[0.24981331],[-0.39901127],[-0.3634259],[-0.06545148]
99,HCP-D,0,1,fear,99,0.07602040877951705,0.6238111068266736,[-0.03319882],[0.27562185],[0.15671284],[-0.28058007],[0.94933618]
100,HCP-D,0,1,fear,100,-0.1330354537008579,0.3892993587682749,[0.67203759],[0.14289315],[-0.68214991],[-0.27192023],[-0.18771685]
101,HCP-D,0,1,fear,101,0.06202946033016096,0.6891584978557177,[0.07580858],[-0.3790707],[0.19367768],[0.45887154],[0.86666177]
102,HCP-D,0,1,fear,102,0.2557902128810705,0.09376093716131345,[-0.01035611],[-0.31219142],[-0.06206145],[0.35563512],[0.93687819]
103,HCP-D,0,1,fear,103,-0.00808849633999769,0.9584416529054686,[-0.17393391],[0.4336644],[-0.36819512],[-0.13714634],[0.81663992]
104,HCP-D,0,1,fear,104,-0.23645199051082968,0.12227443772801809,[0.20105885],[-0.48750883],[0.80997215],[0.44991563],[0.45074305]
105,HCP-D,0,1,fear,105,0.27159847319011166,0.0745200599844497,[0.14976181],[0.33624994],[0.5881421],[-0.32174915],[-0.67465081]
106,HCP-D,0,1,fear,106,0.017864338831396626,0.9083687691399192,[-0.01555245],[0.39559056],[1.04210239],[0.39075179],[0.21678572]
107,HCP-D,0,1,fear,107,0.11765511046876861,0.44688658958776883,[0.92149222],[0.39875724],[-0.46305555],[-0.04721191],[-0.00021999]
108,HCP-D,0,1,fear,108,0.027529276142948807,0.859205931684479,[0.72036597],[-0.51361306],[0.14077773],[0.51222248],[-0.31951082]
109,HCP-D,0,1,fear,109,-0.06940080145770244,0.6544126966117999,[0.91669498],[-0.30911232],[0.19822146],[0.32007278],[-0.19735655]
110,HCP-D,0,1,fear,110,0.16744881440182335,0.27728125848110896,[0.09360744],[0.55646765],[0.92387165],[-0.2218011],[0.26216288]
111,HCP-D,0,1,fear,111,-0.24265157660975073,0.11250054152211647,[0.81085285],[-0.10179694],[-0.17405188],[0.38600162],[-0.55214477]
112,HCP-D,0,1,fear,112,0.007749527892434549,0.9601818335754291,[-0.55897929],[-0.29455957],[0.76139035],[-0.28977203],[-0.4160003]
113,HCP-D,0,1,fear,113,0.2381892336652106,0.11947333813367972,[0.86557347],[0.28519515],[0.14929255],[0.02135308],[0.42452395]
114,HCP-D,0,1,fear,114,0.04633813551770227,0.7651810567179715,[-0.02269369],[0.75743361],[0.71178254],[0.19489939],[-0.09732267]
115,HCP-D,0,1,fear,115,-0.028289619827383043,0.8553580562762854,[0.07846974],[-0.58087612],[0.20668585],[0.32518171],[0.76858536]
116,HCP-D,0,1,fear,116,0.07432658183073694,0.6315847323627116,[-0.52912897],[0.86111647],[-0.08001241],[-0.02271716],[0.02793778]
117,HCP-D,0,1,fear,117,0.0239432700411362,0.877395682689461,[0.20956782],[0.73500481],[-0.33698163],[-0.4606092],[0.46011831]
118,HCP-D,0,1,fear,118,-0.01407016044513313,0.9277719312525426,[0.34753692],[-0.29976825],[0.10692053],[0.25979804],[0.89197962]
119,HCP-D,0,1,fear,119,-0.1865264560722822,0.22538550083840636,[-0.18545073],[0.62076126],[-0.64603646],[0.35710057],[0.64639222]
120,HCP-D,0,1,fear,120,-0.08360597240739864,0.589500479954529,[0.76298553],[-0.17357636],[0.87334685],[0.21357066],[-0.13199056]
121,HCP-D,0,1,fear,121,-0.08030824001308859,0.604313708554614,[-0.13421469],[0.10706235],[-0.66257207],[-0.73770372],[0.37594409]
122,HCP-D,0,1,fear,122,-0.07307095272905358,0.6373728088045745,[0.38380276],[0.4167338],[-0.09019015],[0.41698431],[0.80747785]
123,HCP-D,0,1,fear,123,-0.3148942250567499,0.03734870552529303,[0.15244662],[-0.34109324],[1.01683662],[-0.00124559],[0.46661664]
124,HCP-D,0,1,fear,124,8.481482794297623e-05,0.9995640349956268,[-0.50339512],[-0.43026074],[0.2412161],[0.6741336],[-0.50566839]
125,HCP-D,0,1,fear,125,0.1693102430740228,0.2718984521505174,[-0.11180867],[0.26188346],[0.89746537],[-0.41910103],[-0.17450737]
126,HCP-D,0,1,fear,126,-0.01718050557903474,0.9118622829230318,[0.27005602],[0.59716748],[-0.48452497],[-0.1847714],[0.61989635]
127,HCP-D,0,1,fear,127,-0.10474705602358639,0.49861154131024554,[0.20358163],[0.02095177],[0.78085287],[-0.46021659],[0.61651072]
128,HCP-D,0,1,fear,128,0.1459733324291435,0.34441388772905157,[0.04634075],[-0.01204993],[-0.54704874],[0.76249468],[0.51269001]
129,HCP-D,0,1,fear,129,-0.07725314623892486,0.6181788133807621,[-0.25428437],[0.19041453],[0.94423713],[-0.4161011],[-0.11241196]
130,HCP-D,0,1,fear,130,0.1456336513797404,0.3455499701287295,[-0.22522416],[0.11512607],[0.77422641],[-0.41211295],[0.48082217]
131,HCP-D,0,1,fear,131,0.1822834283924333,0.2363038307183532,[0.44781838],[0.27939665],[0.87487308],[-0.21033632],[0.02358645]
132,HCP-D,0,1,fear,132,-0.024308169948245265,0.8755417394826801,[-0.89488551],[-0.25835883],[0.67811972],[-0.09615707],[0.19741361]
133,HCP-D,0,1,fear,133,-0.25464135944465927,0.09529634334172493,[0.8328956],[0.22123251],[-0.40302988],[-0.26799877],[-0.42733596]
134,HCP-D,0,1,fear,134,-0.14054520124430137,0.36284318098180357,[-0.18556832],[-0.44676099],[0.974416],[0.2047098],[-0.22206396]
135,HCP-D,0,1,fear,135,0.140846057144469,0.36180643025728354,[0.10879197],[0.33364611],[-0.29888606],[-0.13672141],[0.93853085]
136,HCP-D,0,1,fear,136,-0.12810686596770196,0.4072605508309739,[0.0237806],[0.41523439],[0.91289536],[-0.31083719],[-0.12331856]
137,HCP-D,0,1,fear,137,-0.23180911650462355,0.13000308709405967,[-0.00825178],[-0.37522815],[0.73998501],[0.18981316],[0.77650368]
138,HCP-D,0,1,fear,138,-0.1789876815488325,0.24502943368508823,[0.43547645],[0.21720016],[-0.21089526],[0.01075925],[0.85787543]
139,HCP-D,0,1,fear,139,0.0813011110047828,0.5998368582192735,[0.65483596],[0.26820087],[0.48729414],[0.07197556],[0.67446665]
140,HCP-D,0,1,fear,140,-0.018347206955906414,0.9059029548300068,[0.18652606],[-0.64079919],[-0.14781685],[0.75695258],[0.11080031]
141,HCP-D,0,1,fear,141,-0.05526415010962052,0.721615809059363,[0.16266028],[-0.07216872],[-0.04083943],[0.99566735],[-0.4529986]
142,HCP-D,0,1,fear,142,-0.0911886264006275,0.556067781859376,[0.02450119],[-0.19568616],[1.05340461],[0.19201213],[0.2938024]
143,HCP-D,0,1,fear,143,0.20616904868102315,0.17937652061645715,[-0.72990985],[-0.26518343],[0.29524644],[0.52391581],[0.72396814]
144,HCP-D,0,1,fear,144,0.23068296996211046,0.1319315892267195,[0.72203288],[-0.62101638],[0.3537835],[0.13895312],[0.14018669]
145,HCP-D,0,1,fear,145,0.06845063805902722,0.6588530216402918,[0.05669066],[-0.44738306],[0.65723574],[0.57002745],[0.43783819]
146,HCP-D,0,1,fear,146,0.06782930565928608,0.6617629389537187,[0.321687],[0.68419339],[0.014014],[0.07669926],[-0.7087009]
147,HCP-D,0,1,fear,147,0.010506648507062386,0.9460334642216605,[-0.19281201],[-0.22912562],[0.96877418],[0.09608786],[0.48146307]
148,HCP-D,0,1,fear,148,-0.12460730692638186,0.42029794574371654,[-0.2045179],[0.41130172],[0.85174121],[-0.07723833],[-0.47963463]
149,HCP-D,0,1,fear,149,-0.14363995004056435,0.3522643318439346,[0.28839989],[-0.42982382],[0.59331358],[0.23581942],[-0.63164118]
150,HCP-D,0,1,fear,150,0.022004168536345743,0.8872583001407275,[0.42948827],[0.79876757],[-0.08598459],[-0.41042669],[0.21718798]
151,HCP-D,0,1,fear,151,0.05038711868992012,0.7453212325529999,[0.31330971],[-0.34758636],[-0.33165512],[0.62579791],[0.62177066]
152,HCP-D,0,1,fear,152,-0.2337620551808762,0.12670882662044616,[0.58265528],[-0.14888433],[0.16096364],[0.31564355],[0.76660129]
153,HCP-D,0,1,fear,153,0.15975852754222447,0.3002569398369408,[-0.07436167],[0.05533005],[0.74815883],[0.66281711],[-0.26147634]
154,HCP-D,0,1,fear,154,-0.2600652523211214,0.08821490910536472,[0.46096926],[0.33624346],[0.27858107],[0.71645503],[0.4045783]
155,HCP-D,0,1,fear,155,-0.17880190437703966,0.24552768600795705,[-0.0321541],[-0.34020812],[0.17162641],[0.82741544],[-0.45611394]
156,HCP-D,0,1,fear,156,0.10526646588161237,0.4964726745296881,[0.70645824],[0.28083826],[-0.36118032],[-0.45623933],[-0.32428676]
157,HCP-D,0,1,fear,157,-0.05294997569925544,0.7328335812406784,[0.17030786],[0.39315436],[-0.33481363],[0.86240112],[0.16061341]
158,HCP-D,0,1,fear,158,-0.06815840990745917,0.6602210117237388,[0.8060897],[0.47531873],[0.13291519],[0.25896791],[-0.20813511]
159,HCP-D,0,1,fear,159,0.051967665443975644,0.737612086012412,[-0.02013701],[0.21253307],[1.04929467],[-0.16396872],[0.26103796]
160,HCP-D,0,1,fear,160,0.01886974222561008,0.9032355615741393,[-0.32424525],[0.29365211],[0.84597948],[-0.2289329],[-0.41991442]
161,HCP-D,0,1,fear,161,0.040287229083382003,0.7951358078186084,[0.66425932],[0.68441064],[0.10918792],[0.1448357],[-0.34434455]
162,HCP-D,0,1,fear,162,-0.04103541016484607,0.791415202797255,[0.19833624],[0.05946367],[0.77917879],[0.10193336],[0.71748658]
163,HCP-D,0,1,fear,163,-0.06644973824712415,0.6682415158028405,[0.13274565],[-0.39326762],[-0.26750574],[-0.23588586],[0.86196152]
164,HCP-D,0,1,fear,164,0.16202430918303995,0.2933641787629137,[-0.04032102],[0.58214781],[0.6706222],[-0.20948631],[0.44068555]
165,HCP-D,0,1,fear,165,-0.04274442957850698,0.7829337588276468,[-0.4793108],[0.24073451],[-0.10189938],[0.42397295],[0.79007271]
166,HCP-D,0,1,fear,166,0.1642584465222341,0.28666869608731094,[0.734688],[0.47629639],[0.46142061],[0.1662147],[0.06459557]
167,HCP-D,0,1,fear,167,-0.012672592551413855,0.9349300393725772,[-0.85543133],[-0.01770531],[0.64108242],[0.05141083],[0.23293376]
168,HCP-D,0,1,fear,168,0.08946441549237384,0.5635911263168127,[0.06903663],[1.0369816],[-0.19359923],[-0.14841501],[-0.13770729]
169,HCP-D,0,1,fear,169,0.011493995895786605,0.9409705796483155,[-0.2499694],[-0.62180517],[0.83889],[-0.27558302],[0.0589728]
170,HCP-D,0,1,fear,170,0.0952866355207534,0.5383786782452253,[-0.10338562],[0.79310889],[0.30956661],[0.39432733],[0.35284195]
171,HCP-D,0,1,fear,171,0.20932216494263822,0.17266953046051003,[-0.0581019],[0.73181241],[0.79806124],[0.22967892],[-0.13650134]
172,HCP-D,0,1,fear,172,0.10557603721835496,0.49520014374917415,[-0.09992352],[0.9415447],[-0.21651319],[-0.46397385],[-0.21153765]
173,HCP-D,0,1,fear,173,0.25273078068879196,0.09789265204540254,[0.81493198],[-0.46879463],[0.18514036],[0.18899551],[-0.30592314]
174,HCP-D,0,1,fear,174,-0.12360686331599131,0.4240679874128448,[-0.61504836],[0.59120436],[0.45985509],[0.19703975],[0.18969747]
175,HCP-D,0,1,fear,175,-0.0016811602433407218,0.9913586659764878,[0.04084761],[-0.56704837],[0.52591027],[0.21848155],[0.73614034]
176,HCP-D,0,1,fear,176,0.24303591018077342,0.11191476864578603,[0.22552865],[0.60611629],[0.58444531],[0.07455434],[0.57602812]
177,HCP-D,0,1,fear,177,0.07680871244564515,0.6202069316937259,[-0.02758161],[0.42373938],[0.11348467],[-0.15192524],[0.91427912]
178,HCP-D,0,1,fear,178,0.27406948573172885,0.07181627980521864,[-0.08205303],[0.5396105],[0.80116579],[0.14072065],[-0.39863981]
179,HCP-D,0,1,fear,179,0.10356109935143805,0.5035128056349719,[0.01126312],[0.81524851],[0.3237365],[0.383571],[-0.362382]
180,HCP-D,0,1,fear,180,0.06419708094146814,0.6788714022411619,[0.38647462],[0.74658131],[0.39588227],[0.34401021],[0.27003116]
181,HCP-D,0,1,fear,181,0.16608611505152895,0.2812659126159709,[0.16091056],[0.70172353],[0.74967775],[0.02825954],[0.02008908]
182,HCP-D,0,1,fear,182,0.1288313535366638,0.4045908667959278,[0.12310474],[0.3141702],[0.72798102],[0.67587979],[0.27263894]
183,HCP-D,0,1,fear,183,0.2826665051888188,0.06300805564517385,[0.76527481],[0.31672114],[-0.35844244],[0.51673451],[-0.10503239]
184,HCP-D,0,1,fear,184,0.013042253702573274,0.9330361807053423,[0.77459807],[0.33264638],[0.73640698],[0.03017004],[-0.14415159]
185,HCP-D,0,1,fear,185,0.07555239469120341,0.6259550178485593,[-0.41770155],[0.75259219],[0.42192417],[0.31302333],[-0.03686248]
186,HCP-D,0,1,fear,186,-0.029269247627708002,0.8504053431528031,[0.52776349],[0.6543878],[0.55558001],[0.09064334],[0.01363835]
187,HCP-D,0,1,fear,187,0.2849965018394463,0.060775460657107955,[-0.53160567],[-0.59003332],[-0.2531347],[0.00582896],[0.57550592]
188,HCP-D,0,1,fear,188,0.11862338801881747,0.4431291021811281,[-0.57169611],[0.6259892],[0.31281038],[-0.47433772],[-0.36469025]
189,HCP-D,0,1,fear,189,-0.13080205979362405,0.39738019993781737,[0.18135901],[0.89545217],[-0.5338684],[-0.22233199],[-0.05785781]
190,HCP-D,0,1,fear,190,0.15211902664722604,0.3242573237369852,[-0.03292628],[0.91161406],[-0.2111978],[0.06817477],[0.38632458]
191,HCP-D,0,1,fear,191,-0.01074629409763607,0.9448044175270094,[0.6448424],[0.52205646],[0.34828429],[-0.10658819],[0.4615694]
192,HCP-D,0,1,fear,192,0.1330805029673357,0.3891373601404618,[0.38508227],[0.74155969],[0.49037907],[0.20804504],[-0.19682293]
193,HCP-D,0,1,fear,193,0.12134827517470924,0.43264889611717455,[-0.68630478],[0.68032319],[0.24570371],[0.41015063],[-0.01490657]
194,HCP-D,0,1,fear,194,0.13208301248403181,0.39273361666623235,[0.47832339],[-0.24547565],[-0.5998873],[-0.41392131],[-0.51110018]
195,HCP-D,0,1,fear,195,0.31507934434057605,0.03723098874378307,[0.66819351],[0.14379477],[0.46730413],[0.4646571],[-0.42008413]
196,HCP-D,0,1,fear,196,0.05671269199924353,0.7146232019031074,[-0.22638592],[-0.33123094],[0.1380213],[-0.19827409],[0.93362052]
197,HCP-D,0,1,fear,197,0.2705354006285398,0.07570764847601363,[-0.17433268],[0.31969716],[0.99275753],[-0.13395318],[-0.22120977]
198,HCP-D,0,1,fear,198,-0.18266017160122508,0.23532005517639995,[-0.15917104],[0.67173479],[0.48277661],[-0.29113136],[-0.53079881]
199,HCP-D,0,1,fear,199,0.1943636759828795,0.20614238467859008,[-0.52003736],[0.08609522],[0.85567338],[0.36665387],[0.31436103]
200,HCP-D,0,1,fear,200,-0.03919718984416098,0.800564453188013,[0.08192014],[0.13748712],[0.94708654],[0.15172036],[0.54317263]
201,HCP-D,0,1,fear,201,-0.006793952745052637,0.9650884797848207,[0.44636281],[0.40973718],[0.55997982],[0.28310563],[0.63833232]
202,HCP-D,0,1,fear,202,0.12011943004869702,0.4373579470840554,[0.5301222],[0.69675846],[0.42013107],[0.18095073],[0.22239709]
203,HCP-D,0,1,fear,203,0.04673676537425925,0.7632189715561593,[-0.09418438],[0.93940984],[0.15699818],[-0.1098805],[-0.38052297]
204,HCP-D,0,1,fear,204,-0.009491674546084655,0.951240199952988,[0.08604794],[0.68305309],[0.68485325],[-0.14779267],[-0.41583512]
205,HCP-D,0,1,fear,205,0.12955101364301744,0.40194898685243136,[0.14255002],[0.75934887],[0.38783157],[0.09384587],[0.51404236]
206,HCP-D,0,1,fear,206,-0.20415846308344737,0.18374951552678642,[-0.08506866],[-0.58662881],[-0.21125539],[0.24312123],[0.80311177]
207,HCP-D,0,1,fear,207,-0.03152476864441539,0.8390239898599997,[0.15878973],[0.88457681],[0.13441371],[-0.42278881],[-0.35047773]
208,HCP-D,0,1,fear,208,0.2466377354471002,0.10653725712557952,[0.13266741],[0.38127924],[0.77042194],[0.48353186],[-0.3988323]
209,HCP-D,0,1,fear,209,0.13559485821370068,0.3801584722048038,[0.11870235],[0.42395159],[0.65944671],[0.45830521],[-0.44231006]
210,HCP-D,0,1,fear,210,0.12234704993687587,0.42884242891361113,[0.13550252],[0.7385307],[0.04705375],[0.1842054],[0.64029017]
211,HCP-D,0,1,fear,211,0.16051080259443376,0.29795699337627796,[-0.02333939],[0.88193503],[0.41726677],[-0.3985756],[0.14504161]
212,HCP-D,0,1,fear,212,0.02977505084740937,0.8478503618665081,[0.10701508],[0.82977293],[0.4148484],[-0.50294402],[-0.22100576]
213,HCP-D,0,1,fear,213,0.1340274696311109,0.385741195931484,[0.52250241],[0.84955827],[0.02462287],[-0.01241511],[0.20728827]
214,HCP-D,0,1,fear,214,0.09957493745330885,0.5201644917746496,[0.08826681],[0.23525599],[0.19550876],[0.77818669],[0.73763815]
215,HCP-D,0,1,fear,215,0.154206868499246,0.3175817620997857,[0.14052715],[0.92062657],[0.12046208],[-0.085929],[0.37571551]
216,HCP-D,0,1,fear,216,0.134124775202207,0.38539321455028086,[0.11964973],[0.67790427],[0.46492878],[0.2312982],[-0.58410782]
217,HCP-D,0,1,fear,217,0.13045854703544946,0.3986316833387482,[0.47484024],[0.83569186],[0.09640178],[0.36422337],[0.36725074]
218,HCP-D,0,1,fear,218,0.22177635683045938,0.14794315669696212,[0.87665324],[0.38999622],[0.15842401],[0.24866643],[0.10056899]
219,HCP-D,0,1,fear,219,0.26242841847410736,0.08526049929887651,[0.14034556],[-0.46265506],[-0.22255164],[0.276003],[0.8110529]
220,HCP-D,0,1,fear,220,0.346284703262526,0.021300330716415072,[-0.05539515],[0.86774449],[0.12902783],[0.26060299],[-0.55586857]
221,HCP-D,0,1,fear,221,0.04875781347090549,0.7532940044114125,[0.35647538],[0.85528621],[0.41962752],[0.00336641],[0.01143613]
222,HCP-D,0,1,fear,222,-0.05143858325453102,0.7401899054855916,[0.22882974],[0.33913475],[0.52094429],[0.1931115],[0.77044387]
223,HCP-D,0,1,fear,223,0.15414362770896098,0.31778268067107307,[0.90016163],[-0.37367444],[0.08408581],[-0.12242477],[-0.25906976]
224,HCP-D,0,1,fear,224,-0.015062460934206972,0.9226929195000483,[0.08337186],[0.34080139],[-0.76673436],[0.55083406],[-0.16931568]
225,HCP-D,0,1,fear,225,-0.13465412115688086,0.3835034234425509,[0.71295347],[0.5677142],[0.51372747],[-0.09094105],[0.00277491]
226,HCP-D,0,1,fear,226,-0.15398610115026518,0.31828349794791605,[-0.7380647],[-0.02603749],[0.49100677],[0.09013964],[-0.63591689]
227,HCP-D,0,1,fear,227,0.020090458754519043,0.8970083025789206,[0.43483174],[-0.40982942],[0.33143959],[0.9368729],[0.48037894]
228,HCP-D,0,1,fear,228,0.2432981043258028,0.11151648400034916,[-0.35245104],[-0.00389024],[-0.07556277],[0.10704312],[0.94613739]
229,HCP-D,0,1,fear,229,0.1181991166947605,0.44477337851912524,[-0.19667318],[0.38266324],[0.8654811],[0.03181996],[-0.37856953]
230,HCP-D,0,1,fear,230,0.06244744388762523,0.6871704458489134,[-0.21761859],[0.41237675],[0.55224221],[0.5932303],[-0.51631663]
231,HCP-D,0,1,fear,231,-0.04996282248120782,0.7473949728092539,[0.15901636],[0.04672475],[0.85329535],[0.24455661],[0.78042355]
232,HCP-D,0,1,fear,232,-0.10747546826206297,0.48742920990953753,[-0.02540275],[0.17518125],[0.75685463],[-0.19082251],[-0.63209347]
233,HCP-D,0,1,fear,233,0.05606643636039702,0.7177400863000691,[0.75451324],[0.0689497],[-0.44949887],[0.61831357],[0.07373543]
234,HCP-D,0,1,fear,234,-0.08337905707336608,0.5905145835309065,[0.11068061],[-0.41167974],[0.19104775],[-0.43407664],[0.90564781]
235,HCP-D,0,1,fear,235,-0.07721508927856155,0.6183523721386914,[0.10355495],[0.73694891],[0.28355219],[-0.61228114],[0.063116]
236,HCP-D,0,1,fear,236,-0.18069867881352303,0.2404727014148908,[0.81323144],[-0.39531726],[-0.41825725],[-0.09346891],[-0.0575167]
237,HCP-D,0,1,fear,237,-0.14820663395621833,0.33700179773397476,[0.10230891],[0.81966616],[-0.41343312],[-0.48995286],[0.271914]
238,HCP-D,0,1,fear,238,0.1625807180444768,0.29168729988183456,[-0.5573381],[0.10136982],[0.91038037],[-0.0595353],[-0.21783426]
239,HCP-D,0,1,fear,239,0.11797332421410972,0.4456498096434798,[0.36481444],[0.67215322],[0.2098747],[-0.35388499],[-0.50250171]
240,HCP-D,0,1,fear,240,0.11741340233259809,0.44782727653554,[-0.36424283],[0.73985452],[0.65363134],[-0.08060147],[-0.04457053]
241,HCP-D,0,1,fear,241,0.07759216860733673,0.6166336090009732,[-0.21669776],[0.38980122],[0.78147475],[-0.47798202],[0.24446917]
242,HCP-D,0,1,fear,242,0.1574706167159099,0.30732171480929316,[0.56631169],[0.76570238],[0.01825983],[0.28352721],[-0.16592572]
243,HCP-D,0,1,fear,243,-0.10096134244599525,0.5143420942762691,[-0.56293012],[0.67332863],[0.50395414],[-0.08323569],[0.05577943]
244,HCP-D,0,1,fear,244,0.05671976856814978,0.7145890969543575,[0.62937458],[0.2177202],[0.89125378],[-0.16972248],[0.05195747]
245,HCP-D,0,1,fear,245,0.04263731438618665,0.7834646265989548,[0.20172674],[0.89318532],[-0.31902164],[-0.29008365],[0.28598379]
246,HCP-D,0,1,fear,246,0.10150704421306365,0.5120593373101521,[0.15287069],[0.63280933],[-0.06402565],[0.4183658],[0.66763185]
247,HCP-D,0,1,fear,247,-0.17704790070535592,0.25026566181367815,[-0.30119654],[0.56781441],[0.77864824],[-0.17974791],[0.17643804]
248,HCP-D,0,1,fear,248,0.17562316166579348,0.2541592181228646,[0.02388983],[0.36156875],[1.01139444],[0.26679999],[-0.3063312]
249,HCP-D,0,1,fear,249,-0.05274084766115471,0.7338500677635995,[0.57227673],[0.62715602],[-0.50282871],[0.43539137],[-0.26071309]
250,HCP-D,0,1,fear,250,0.2129708734577463,0.16513619227774426,[-0.8065695],[0.54845964],[0.33749676],[-0.204129],[-0.42202751]
251,HCP-D,0,1,fear,251,0.03056260117045634,0.8438752567963417,[-0.07697433],[0.73975035],[0.21029859],[0.49315924],[-0.53441676]
252,HCP-D,0,1,fear,252,-0.16274185712288375,0.2912028282059931,[-0.73542601],[0.19841661],[0.01488115],[0.627783],[0.43051256]
253,HCP-D,0,1,fear,253,0.030554015398117203,0.8439185724099738,[0.01595366],[0.39806091],[-0.50785645],[-0.24850611],[0.83148077]
254,HCP-D,0,1,fear,254,0.23441549598897443,0.12562069046742458,[0.58486486],[0.44781592],[0.46390955],[0.3238281],[-0.41432607]
255,HCP-D,0,1,fear,255,0.10724912339246333,0.48835188689119563,[-0.29405406],[0.65508651],[0.74284738],[-0.26300785],[0.01864904]
256,HCP-D,0,1,fear,256,-0.0875697426213502,0.5719123640238548,[0.11165803],[0.50709215],[0.64838802],[0.0925547],[0.69146531]
257,HCP-D,0,1,fear,257,0.24443993485495985,0.10979454962509311,[0.68969567],[-0.40709745],[0.20145849],[0.57813677],[0.4889313]
258,HCP-D,0,1,fear,258,0.1383111314357634,0.37059774285242175,[0.97867677],[0.27197588],[4.40375721e-05],[-0.17467982],[0.1195083]
259,HCP-D,0,1,fear,259,-0.5076640064966481,0.000435601237983353,[-0.462409],[0.03005882],[0.10233036],[0.33918954],[0.89500492]
260,HCP-D,0,1,fear,260,-0.021331583262551357,0.8906832005046614,[0.09441454],[-0.22643088],[0.2063659],[0.4047122],[0.95533368]
261,HCP-D,0,1,fear,261,-0.19128846619084788,0.21355110009872036,[0.66125244],[0.29248982],[0.34598509],[0.42150489],[0.52080272]
262,HCP-D,0,1,fear,262,-0.3341560198997155,0.02663090735520668,[0.1544669],[0.91228595],[0.01777395],[-0.4529078],[-0.16964032]
263,HCP-D,0,1,fear,263,0.062043772469831726,0.6890903908274402,[0.82532451],[0.2702406],[-0.08414401],[-0.13643221],[0.477798]
264,HCP-D,0,1,fear,264,-0.13310450641621913,0.38905105910553534,[0.14053149],[0.90618305],[-0.648454],[-0.32503597],[0.39584375]
265,HCP-D,0,1,fear,265,-0.22626210226085416,0.1397090983973517,[0.97847971],[0.03443939],[0.14146767],[0.14283661],[0.10372377]
266,HCP-D,0,1,fear,266,0.07809510638912301,0.6143443202473806,[-0.08320175],[0.56577205],[0.67131568],[0.09395028],[0.6461836]
267,HCP-D,0,1,fear,267,0.02902746369860404,0.851627211330969,[0.011788],[0.97191257],[0.25432413],[-0.16546074],[0.14589446]
268,HCP-D,0,1,fear,268,0.038103429167414535,0.8060209796487888,[-0.00656241],[-0.31768222],[-0.38241517],[0.07348477],[0.89132651]
269,HCP-D,0,1,fear,269,0.08665599415970102,0.5759454782891511,[0.15872207],[0.52583045],[1.0066798],[-0.07189827],[0.12097465]
270,HCP-D,0,1,fear,270,0.2168811771013251,0.1573305540696252,[0.10916126],[0.65293208],[0.8412267],[-0.09554781],[-0.39469152]
271,HCP-D,0,1,fear,271,-0.1843243126379194,0.2310079903159842,[-0.13517287],[0.76126645],[-0.45262026],[-0.19420449],[-0.74184356]
272,HCP-D,0,1,fear,272,-0.2783664693282705,0.06729951476743572,[0.08837192],[0.41729787],[-0.09491066],[0.16198047],[0.92386401]
273,HCP-D,0,1,fear,273,-0.1833218383408322,0.2335990392815949,[0.7963938],[0.03077193],[0.83582261],[0.28052499],[-0.1598553]
274,HCP-D,0,1,fear,274,0.11572675008835179,0.45442153896345383,[-0.21407376],[0.5818781],[0.66407025],[-0.06005399],[-0.55633322]
275,HCP-D,0,1,fear,275,0.14722635292368996,0.34024298774715167,[0.49818584],[0.45798187],[0.51861468],[-0.26288312],[-0.5814819]
276,HCP-D,0,1,fear,276,0.049065812992304135,0.7517848797194427,[0.49377913],[0.63816294],[0.65265101],[-0.31759657],[0.01128636]
277,HCP-D,0,1,fear,277,0.014526597437472031,0.925435330063222,[-0.21809552],[-0.59770726],[0.09660497],[1.03020236],[0.46833215]
278,HCP-D,0,1,fear,278,-0.07584561838795116,0.6246114406418506,[-0.12054567],[-0.39297735],[-0.09847691],[0.1824548],[0.91562258]
279,HCP-D,0,1,fear,279,-0.32467160475752865,0.031534912537426275,[0.04528051],[-0.6130825],[0.91817193],[0.09051404],[0.65847186]
280,HCP-D,0,1,fear,280,-0.29971541416463415,0.048092144529586836,[-0.17246434],[0.36041386],[0.76955303],[0.06544661],[-0.7607157]
281,HCP-D,0,1,fear,281,-0.39996938938631005,0.0071446211240390025,[0.26617649],[-0.54092],[-0.47578196],[0.72692745],[-0.24181453]
282,HCP-D,0,1,fear,282,-0.12225959240592142,0.4291749897753331,[-0.05542457],[-0.43440586],[0.40909413],[0.17614383],[0.83705218]
283,HCP-D,0,1,fear,283,-0.015857217430171364,0.9186272013884061,[-0.13525019],[0.35983764],[0.96112302],[-0.16555921],[0.63097284]
284,HCP-D,0,1,fear,284,-0.29254656392471784,0.053971805706031745,[0.77735732],[0.18747431],[-0.09538229],[-0.17985917],[-0.60226851]
285,HCP-D,0,1,fear,285,-0.09739018013017113,0.5294056596113785,[-0.06964962],[-0.03883608],[-0.35668976],[0.13736399],[0.92719315]
286,HCP-D,0,1,fear,286,0.07989283141275491,0.6061910626819184,[-0.18084973],[0.27180004],[-0.50194056],[0.73117273],[-0.39364863]
287,HCP-D,0,1,fear,287,0.12683921379444613,0.41195603031619665,[-0.06477231],[0.18196628],[0.86905451],[0.40182044],[-0.41737977]
288,HCP-D,0,1,fear,288,0.1371820684376309,0.3745542051174534,[-0.03904816],[0.29777866],[0.84117153],[0.5133637],[0.39827913]
289,HCP-D,0,1,fear,289,0.14246503874500077,0.35625818991449903,[-0.17667979],[-0.86984214],[-0.04621101],[0.64354377],[-0.23665706]
290,HCP-D,0,1,fear,290,0.34057569015014705,0.023685780401416702,[0.02243249],[-0.31719013],[0.19117194],[0.42650732],[0.83940519]
291,HCP-D,0,1,fear,291,-0.07876176481206189,0.6113153785175045,[0.16364439],[0.4051845],[0.89756136],[0.11583066],[-0.48259539]
292,HCP-D,0,1,fear,292,0.03687720041689002,0.812149187913102,[0.48932762],[0.93477858],[0.38426884],[0.64638782],[0.31946487]
293,HCP-D,0,1,fear,293,0.23302869741207505,0.1279384475830329,[-0.56091437],[0.22760873],[0.81807193],[-0.29759741],[0.69025505]
294,HCP-D,0,1,fear,294,0.16849326272417872,0.2742524120367513,[0.19642005],[0.56161865],[0.57525064],[-0.64027609],[0.18834764]
295,HCP-D,0,1,fear,295,0.16717074909930552,0.2780913207902377,[-0.31883465],[0.50090313],[0.71640928],[-0.28744246],[0.33321984]
296,HCP-D,0,1,fear,296,0.027693112133107267,0.85837653040911,[0.6884501],[0.64267858],[0.24630653],[0.07399687],[-0.27618998]
297,HCP-D,0,1,fear,297,-0.03762929905070116,0.8083891555238414,[-0.415518],[0.4742887],[0.51611028],[0.63576687],[-0.09726668]
298,HCP-D,0,1,fear,298,0.08119816464312618,0.6003003700536467,[-0.69579211],[0.70388],[-0.03884341],[0.2095501],[-0.08939185]
299,HCP-D,0,1,fear,299,0.030227659507657066,0.8455653889685616,[0.54341289],[0.6776369],[0.52728333],[0.0251673],[0.34753578]
300,HCP-D,0,1,fear,300,0.0464217746661475,0.7647692578783896,[0.0347187],[0.89248555],[0.45379187],,
301,HCP-D,0,1,fear,301,-0.026219859587847005,0.8658400146716714,[-0.13688713],[0.8118225],[0.56780182],,
302,HCP-D,0,1,fear,302,0.07574906379848648,0.6250537298928935,[0.02797039],[0.86315501],[0.50605725],,
303,HCP-D,0,1,fear,303,0.004835305269988183,0.9751494460813556,[0.56077023],[0.38863347],[0.73183464],,
304,HCP-D,0,1,fear,304,0.19630137196769967,0.20156760035931698,[0.6477378],[0.47450946],[0.5975812],,
305,HCP-D,0,1,fear,305,-0.04009227453906009,0.7961060323913438,[-0.28099832],[0.39625702],[0.8755393],,
306,HCP-D,0,1,fear,306,0.03624791890590939,0.8152984247166769,[-0.19268501],[0.63943842],[0.75072701],,
307,HCP-D,0,1,fear,307,-0.043864678955252256,0.7773876303617838,[-0.51449628],[0.33381739],[0.80375155],,
308,HCP-D,0,1,fear,308,0.06625138461475368,0.6691749782374662,[-0.05524892],[0.42033236],[0.90888314],,
309,HCP-D,0,1,fear,309,-0.0743169463714121,0.6316290667616169,[0.1522659],[0.1111789],[0.98894365],,
310,HCP-D,0,1,fear,310,0.04611504436906816,0.7662797626123823,[-0.27487836],[0.67393062],[0.68668094],,
311,HCP-D,0,1,fear,311,0.10170998102410864,0.511211721778485,[0.65871621],[0.47262286],[0.58868855],,
312,HCP-D,0,1,fear,312,0.015262133102858611,0.9216712738352871,[0.48484555],[0.41124571],[0.77693131],,
313,HCP-D,0,1,fear,313,0.02598618554163877,0.867024882757901,[-0.42641904],[0.41685456],[0.80445454],,
314,HCP-D,0,1,fear,314,-0.12968498378638255,0.40145828467389477,[-0.07823953],[0.53333582],[0.84252416],,
315,HCP-D,0,1,fear,315,-0.11978359533876395,0.438649826079471,[-0.2644742],[0.2519558],[0.93458076],,
316,HCP-D,0,1,fear,316,-0.061686991415990614,0.6907889241157417,[0.31266382],[0.63945453],[0.70590923],,
317,HCP-D,0,1,fear,317,-0.08232389461132364,0.5952403241979428,[-0.29769531],[0.15537064],[0.95719631],,
318,HCP-D,0,1,fear,318,0.5028744825397231,0.0005033969572641579,[-0.19296531],[0.73453321],[0.65484613],,
319,HCP-D,0,1,fear,319,-0.0005716917824084428,0.9970613973363088,[0.01612591],[0.85226212],[0.52613176],,
320,HCP-D,0,1,fear,320,-0.037813904770112844,0.8074668880928157,[0.11295409],[0.51426239],[0.85111341],,
321,HCP-D,0,1,fear,321,-0.05386853351563329,0.728374211439571,[-0.12806269],[0.43055804],[0.89452651],,
322,HCP-D,0,1,fear,322,-0.08527170270139571,0.5820800072580274,[0.16804529],[0.41744839],[0.89527452],,
323,HCP-D,0,1,fear,323,-0.053813193190010655,0.7286426259656513,[0.0335159],[0.72418077],[0.6909822],,
324,HCP-D,0,1,fear,324,0.1650295739256557,0.2843809817383881,[-0.17936557],[0.82348214],[0.54473095],,
325,HCP-D,0,1,fear,325,-0.12568514483114232,0.41625757024804005,[0.03454344],[0.31861024],[0.95067498],,
326,HCP-D,0,1,fear,326,-0.1690916117710096,0.2725270824308418,[-0.07944113],[0.72995786],[0.67899542],,
327,HCP-D,0,1,fear,327,-0.021103722187057476,0.8918439507922356,[-0.30624767],[0.18642826],[0.93383727],,
328,HCP-D,0,1,fear,328,0.06047869162020436,0.6965524069855779,[0.05495925],[0.57682567],[0.81793543],,
329,HCP-D,0,1,fear,329,0.040637517745687635,0.793393304403374,[-0.1178649],[0.70649886],[0.6997745],,
330,HCP-D,0,1,fear,330,-0.1302876137108088,0.39925527776388303,[-0.3224819],[0.17851276],[0.93171257],,
331,HCP-D,0,1,fear,331,-0.08858823781105776,0.5674322276174277,[0.0341064],[0.40164669],[0.91658927],,
332,HCP-D,0,1,fear,332,-0.058483448507499244,0.7061064685338674,[-0.29622493],[0.01132085],[0.96265842],,
333,HCP-D,0,1,fear,333,0.1496452272766905,0.3322800205326397,[0.13049041],[0.76752238],[0.62909683],,
334,HCP-D,0,1,fear,334,-0.11861003672113186,0.44318079445551006,[0.02629273],[0.08119957],[0.99872627],,
335,HCP-D,0,1,fear,335,-0.17637778734979107,0.25209193142567654,[-0.04752233],[-0.0427871],[1.00720962],,
336,HCP-D,0,1,fear,336,-0.2220454987782834,0.14743926337327912,[-0.17398622],[-0.20630571],[0.96811002],,
337,HCP-D,0,1,fear,337,-0.16212145418657015,0.29307095944218775,[0.68713864],[0.32055883],[0.66768957],,
338,HCP-D,0,1,fear,338,-0.20091633227915187,0.1909604856952113,[0.00725164],[-0.24608261],[0.97365623],,
339,HCP-D,0,1,fear,339,-0.15898663572739904,0.3026286839184856,[-0.32376962],[0.37188065],[0.89565693],,
340,HCP-D,0,1,fear,340,-0.18120668514121435,0.23913092909375672,[0.09569487],[0.02849783],[0.99757442],,
341,HCP-D,0,1,fear,341,-0.1427618853272701,0.35524653629517494,[0.54168801],[-0.12953997],[0.8493589],,
342,HCP-D,0,1,fear,342,-0.12847558234646297,0.4059005949269966,[-0.29305896],[0.13032117],[0.96960572],,
343,HCP-D,0,1,fear,343,-0.31825180033465544,0.03526048483365056,[-0.37058338],[0.28911595],[0.91106731],,
344,HCP-D,0,1,fear,344,-0.33928587420078316,0.024254567701252824,[0.40046803],[0.56152379],[0.73232387],,
345,HCP-D,0,1,fear,345,0.05641759285669233,0.716045896541442,[-0.23739319],[0.50592247],[0.83256071],,
346,HCP-D,0,1,fear,346,-0.33932908644378645,0.024235328795582767,[-0.15578381],[0.43136514],[0.90813109],,
347,HCP-D,0,1,fear,347,-0.1917349852427705,0.21246402174063928,[-0.02276319],[-0.30451957],[0.96116847],,
348,HCP-D,0,1,fear,348,-0.18627285468123878,0.22602815041904972,[0.0714217],[0.30339229],[0.97240689],,
349,HCP-D,0,1,fear,349,-0.21752651768651693,0.15606870009574048,[-0.37672589],[0.20573431],[0.94118194],,
